"Ô¶¾°","1","1","1#1000-100nm","1","2021-11-10 11:16:34",0,0,1000,20,100,1
1007.756,-11.83643,3.762,0,0,0,0,4788
0,1
0,0,3
.980957,0,12
1.896484,0,21
1.591309,0,30
2.506836,0,39
2.20166,0,48
.980957,0,57
-2.070801,0,66
-6.953613,0,75
-9.39502,0,84
-11.83643,0,93
-11.83643,0,102
-11.83643,0,111
-9.700195,0,120
-8.479492,0,129
-7.563965,0,138
-7.563965,0,147
-6.953613,0,156
-6.953613,0,165
-6.953613,0,174
-6.953613,0,183
-6.953613,0,192
-5.122559,0,201
-4.512207,0,210
-4.512207,0,219
-4.512207,0,228
-5.122559,0,237
-3.291504,0,246
-2.375977,0,255
-2.070801,0,264
-2.681152,0,273
-2.070801,0,282
-2.070801,0,291
-2.070801,0,300
-2.070801,0,309
.3706055,0,318
.3706055,0,327
.3706055,0,336
1.591309,0,345
1.896484,0,354
1.591309,0,363
2.20166,0,372
2.812012,0,381
2.812012,0,390
2.812012,0,399
4.337891,0,408
4.643066,0,417
5.253418,0,426
6.474121,0,435
6.779297,0,444
7.084473,0,453
7.694824,0,462
7.694824,0,471
7.694824,0,480
7.694824,0,489
7.694824,0,498
7.694824,0,507
10.13623,0,516
10.13623,0,525
10.13623,0,534
10.13623,0,543
11.66211,0,552
12.57764,0,561
12.57764,0,570
12.57764,0,579
12.57764,0,588
12.57764,0,597
15.01904,0,606
15.01904,0,615
16.23975,0,624
16.54492,0,633
17.46045,0,642
17.46045,0,651
17.46045,0,660
17.46045,0,669
17.46045,0,678
17.46045,0,687
19.90186,0,696
19.90186,0,705
19.90186,0,714
22.34326,0,723
22.34326,0,732
22.34326,0,741
22.34326,0,750
24.17432,0,759
24.78467,0,768
24.78467,0,777
24.78467,0,786
26.31055,0,795
26.31055,.009,804
27.22607,.009,813
27.22607,.009,822
29.05713,.009,831
29.05713,.009,840
29.66748,.009,849
30.27783,.009,858
30.88818,.009,867
30.88818,.009,876
32.10889,.009,885
32.10889,.009,894
32.10889,.009,903
33.93994,.009,912
34.55029,.009,921
34.55029,.009,930
36.07617,.009,939
36.38135,.009,948
36.9917,.009,957
38.82275,.009,966
40.65381,.009,975
41.26416,.009,984
41.87451,.009,993
41.87451,.009,1002
41.87451,.009,1011
41.87451,.009,1020
44.31592,.009,1029
44.31592,.009,1038
44.31592,.009,1047
44.92627,.009,1056
46.75732,.009,1065
46.75732,.009,1074
46.75732,.009,1083
46.75732,.009,1092
48.58838,.009,1101
49.80908,.009,1110
50.72461,.009,1119
51.64014,.009,1128
53.16602,.009,1137
53.16602,.009,1146
53.77637,.009,1155
53.16602,.009,1164
54.08154,.009,1173
55.9126,.009,1182
56.52295,.009,1191
56.52295,.009,1200
56.52295,.009,1209
58.354,.009,1218
61.40576,.009,1227
61.40576,.009,1236
63.54199,.009,1245
63.84717,.009,1254
63.84717,.009,1263
65.37305,.009,1272
66.28857,.009,1281
66.28857,.009,1290
66.28857,.009,1299
68.11963,.009,1308
68.72998,.009,1317
70.56104,.018,1326
70.25586,.018,1335
71.17139,.018,1344
72.69727,.018,1353
73.00244,.018,1362
73.61279,.018,1371
73.61279,.018,1380
75.13867,.018,1389
75.74902,.018,1398
76.0542,.018,1407
76.0542,.018,1416
77.88525,.018,1425
78.49561,.018,1434
78.49561,.018,1443
80.02148,.018,1452
80.93701,.018,1461
80.93701,.018,1470
83.37842,.018,1479
80.93701,.018,1488
83.37842,.018,1497
83.37842,.018,1506
83.98877,.018,1515
85.20947,.018,1524
85.81982,.018,1533
85.81982,.027,1542
87.65088,.027,1551
88.26123,.027,1560
88.26123,.027,1569
89.48193,.027,1578
89.78711,.027,1587
90.70264,.027,1596
90.70264,.027,1605
92.22852,.027,1614
92.53369,.027,1623
93.14404,.027,1632
93.14404,.027,1641
93.75439,.027,1650
94.9751,.036,1659
95.28027,.036,1668
95.58545,.036,1677
95.58545,.036,1686
95.58545,.036,1695
98.02686,.036,1704
98.02686,.036,1713
99.24756,.045,1722
99.55273,.045,1731
100.4683,.045,1740
100.4683,.045,1749
100.4683,.045,1758
102.2993,.045,1767
102.2993,.054,1776
102.9097,.054,1785
104.1304,.054,1794
104.4355,.054,1803
104.7407,.054,1812
105.3511,.054,1821
105.3511,.054,1830
105.3511,.054,1839
107.7925,.063,1848
107.7925,.063,1857
109.3184,.063,1866
109.9287,.063,1875
110.2339,.063,1884
110.2339,.063,1893
110.2339,.072,1902
110.2339,.072,1911
112.6753,.072,1920
112.6753,.072,1929
112.6753,.081,1938
114.2012,.081,1947
114.5063,.081,1956
115.1167,.081,1965
115.1167,.09,1974
115.1167,.09,1983
115.1167,.09,1992
116.9478,.09,2001
118.7788,.09,2010
119.3892,.099,2019
119.9995,.099,2028
119.9995,.099,2037
119.9995,.099,2046
122.4409,.108,2055
121.8306,.108,2064
122.4409,.108,2073
123.6616,.108,2082
124.272,.117,2091
124.8823,.117,2100
124.8823,.117,2109
127.3237,.126,2118
127.3237,.126,2127
127.9341,.126,2136
128.8496,.135,2145
129.7651,.135,2154
129.7651,.135,2163
129.7651,.135,2172
131.5962,.144,2181
132.2065,.144,2190
133.4272,.144,2199
132.2065,.153,2208
134.6479,.153,2217
134.6479,.153,2226
136.479,.162,2235
137.0894,.162,2244
137.6997,.162,2253
137.6997,.162,2262
139.5308,.171,2271
139.5308,.171,2280
139.5308,.171,2289
141.9722,.18,2298
142.5825,.18,2307
143.498,.18,2316
144.4136,.189,2325
144.4136,.189,2334
146.2446,.198,2343
146.855,.198,2352
147.4653,.198,2361
148.0757,.198,2370
148.9912,.207,2379
149.2964,.207,2388
149.2964,.207,2397
151.7378,.216,2406
151.7378,.216,2415
151.7378,.216,2424
153.5688,.225,2433
154.1792,.225,2442
154.1792,.225,2451
156.6206,.234,2460
157.8413,.234,2469
158.1465,.234,2478
158.7568,.243,2487
159.062,.243,2496
159.062,.243,2505
161.5034,.252,2514
161.5034,.252,2523
162.7241,.252,2532
163.6396,.261,2541
163.9448,.261,2550
163.9448,.261,2559
165.7759,.27,2568
166.3862,.27,2577
166.9966,.27,2586
168.5225,.279,2595
168.8276,.279,2604
168.8276,.279,2613
170.3535,.288,2622
171.269,.288,2631
171.269,.288,2640
173.1001,.297,2649
173.7104,.297,2658
173.7104,.306,2667
175.5415,.306,2676
175.5415,.306,2685
176.7622,.315,2694
176.7622,.315,2703
177.6777,.315,2712
178.5933,.324,2721
178.5933,.324,2730
178.5933,.324,2739
180.4243,.333,2748
181.0347,.333,2757
181.0347,.333,2766
182.5605,.342,2775
183.4761,.342,2784
183.4761,.342,2793
185.002,.351,2802
185.9175,.351,2811
185.9175,.36,2820
187.1382,.36,2829
187.7485,.36,2838
188.3589,.369,2847
188.3589,.369,2856
189.8848,.378,2865
190.1899,.378,2874
190.8003,.378,2883
190.8003,.387,2892
192.6313,.387,2901
191.4106,.396,2910
193.2417,.396,2919
193.2417,.396,2928
195.0728,.405,2937
195.6831,.405,2946
195.6831,.414,2955
196.2935,.414,2964
198.1245,.423,2973
198.1245,.423,2982
198.1245,.432,2991
198.1245,.432,3000
200.5659,.432,3009
200.5659,.441,3018
202.0918,.441,3027
202.7021,.45,3036
203.0073,.45,3045
203.0073,.459,3054
204.8384,.459,3063
205.4487,.468,3072
206.6694,.468,3081
206.9746,.468,3090
207.8901,.477,3099
207.8901,.477,3108
207.8901,.486,3117
209.7212,.486,3126
210.3315,.495,3135
211.5522,.495,3144
212.1626,.504,3153
212.7729,.504,3162
212.7729,.513,3171
212.7729,.513,3180
212.7729,.522,3189
216.4351,.522,3198
216.7402,.531,3207
217.6558,.531,3216
217.6558,.54,3225
217.6558,.54,3234
217.6558,.549,3243
220.0972,.549,3252
221.623,.558,3261
221.3179,.558,3270
222.5386,.558,3279
222.5386,.567,3288
224.3696,.567,3297
224.98,.576,3306
225.5903,.576,3315
227.1162,.585,3324
227.4214,.585,3333
227.4214,.594,3342
228.9473,.594,3351
229.8628,.603,3360
231.3887,.603,3369
231.6938,.612,3378
232.3042,.612,3387
232.3042,.621,3396
234.1353,.621,3405
234.7456,.63,3414
235.9663,.63,3423
236.8818,.639,3432
236.2715,.639,3441
237.187,.648,3450
239.6284,.648,3459
239.6284,.657,3468
241.1543,.657,3477
242.0698,.666,3486
242.0698,.666,3495
243.9009,.666,3504
244.5112,.675,3513
245.1216,.675,3522
246.3423,.684,3531
246.9526,.684,3540
246.9526,.693,3549
248.7837,.693,3558
249.394,.702,3567
249.394,.702,3576
251.5303,.711,3585
251.8354,.711,3594
253.6665,.72,3603
254.2769,.72,3612
254.2769,.729,3621
255.8027,.729,3630
256.4131,.738,3639
256.7183,.738,3648
256.7183,.738,3657
259.1597,.747,3666
259.1597,.747,3675
260.9907,.756,3684
261.2959,.756,3693
261.6011,.765,3702
261.6011,.765,3711
264.0425,.774,3720
264.0425,.774,3729
264.6528,.783,3738
265.5684,.783,3747
266.4839,.792,3756
268.3149,.792,3765
268.0098,.801,3774
268.9253,.801,3783
268.9253,.81,3792
268.9253,.81,3801
270.7563,.81,3810
271.3667,.819,3819
271.3667,.819,3828
273.1978,.828,3837
273.1978,.828,3846
273.8081,.837,3855
275.0288,.846,3864
276.2495,.846,3873
276.2495,.846,3882
276.2495,.855,3891
276.2495,.855,3900
278.0806,.864,3909
276.2495,.864,3918
278.6909,.873,3927
280.2168,.882,3936
278.6909,.882,3945
281.1323,.891,3954
281.1323,.891,3963
281.1323,.9,3972
283.5737,.9,3981
283.5737,.909,3990
285.0996,.909,3999
284.7944,.918,4008
286.0151,.918,4017
286.0151,.927,4026
286.0151,.927,4035
287.8462,.936,4044
288.4565,.945,4053
288.4565,.945,4062
289.9824,.954,4071
290.5928,.954,4080
290.8979,.963,4089
290.8979,.963,4098
290.8979,.972,4107
292.729,.981,4116
293.3394,.981,4125
294.5601,.99,4134
295.1704,.99,4143
295.4756,.999,4152
295.7808,.999,4161
295.7808,1.008,4170
295.7808,1.017,4179
295.7808,1.026,4188
295.7808,1.026,4197
295.7808,1.035,4206
298.2222,1.035,4215
298.2222,1.044,4224
298.2222,1.053,4233
298.2222,1.053,4242
298.2222,1.062,4251
298.2222,1.071,4260
298.2222,1.071,4269
298.2222,1.08,4278
298.2222,1.089,4287
298.2222,1.098,4296
298.2222,1.098,4305
298.2222,1.107,4314
298.2222,1.116,4323
298.2222,1.125,4332
298.2222,1.134,4341
298.2222,1.134,4350
298.2222,1.143,4359
298.2222,1.152,4368
297.6118,1.161,4377
298.2222,1.17,4386
297.6118,1.179,4395
297.6118,1.188,4404
297.6118,1.197,4413
295.7808,1.206,4422
297.6118,1.215,4431
295.7808,1.224,4440
297.6118,1.233,4449
295.7808,1.242,4458
295.7808,1.251,4467
295.7808,1.26,4476
295.7808,1.269,4485
295.7808,1.278,4494
295.7808,1.287,4503
295.7808,1.296,4512
295.7808,1.305,4521
295.7808,1.314,4530
295.7808,1.332,4539
295.7808,1.341,4548
295.7808,1.35,4557
295.7808,1.359,4566
295.4756,1.368,4575
295.7808,1.386,4584
295.7808,1.395,4593
293.9497,1.404,4602
294.8652,1.422,4611
294.5601,1.431,4620
293.9497,1.44,4629
294.8652,1.458,4638
293.9497,1.467,4647
294.5601,1.476,4656
293.3394,1.494,4665
293.3394,1.503,4674
293.3394,1.521,4683
293.3394,1.53,4692
292.729,1.548,4701
292.729,1.557,4710
290.8979,1.575,4719
290.8979,1.584,4728
290.8979,1.602,4737
290.8979,1.611,4746
290.8979,1.629,4755
290.8979,1.647,4764
290.8979,1.656,4773
290.8979,1.674,4782
290.8979,1.683,4791
290.8979,1.701,4800
290.8979,1.719,4809
290.8979,1.737,4818
290.8979,1.746,4827
290.8979,1.764,4836
290.8979,1.782,4845
290.8979,1.791,4854
290.8979,1.809,4863
290.8979,1.827,4872
290.8979,1.845,4881
290.8979,1.863,4890
292.729,1.872,4899
290.8979,1.89,4908
290.8979,1.908,4917
292.729,1.926,4926
293.3394,1.944,4935
293.3394,1.962,4944
293.3394,1.971,4953
293.9497,1.989,4962
293.3394,2.007,4971
294.5601,2.025,4980
294.5601,2.043,4989
295.7808,2.061,4998
295.4756,2.079,5007
295.7808,2.097,5016
295.7808,2.115,5025
297.6118,2.133,5034
298.2222,2.151,5043
298.2222,2.169,5052
299.748,2.187,5061
300.6636,2.205,5070
300.6636,2.223,5079
300.6636,2.241,5088
303.105,2.259,5097
304.3257,2.277,5106
305.5464,2.295,5115
307.0723,2.313,5124
307.9878,2.331,5133
309.5137,2.349,5142
310.4292,2.367,5151
312.8706,2.376,5160
314.7017,2.394,5169
315.312,2.412,5178
317.7534,2.43,5187
320.1948,2.448,5196
322.0259,2.466,5205
323.8569,2.475,5214
325.0776,2.493,5223
327.519,2.511,5232
329.9604,2.529,5241
329.9604,2.538,5250
333.6226,2.556,5259
334.8433,2.574,5268
337.2847,2.583,5277
339.7261,2.601,5286
342.1675,2.619,5295
344.3037,2.628,5304
346.1348,2.646,5313
348.8813,2.655,5322
349.4917,2.673,5331
353.459,2.682,5340
354.3745,2.7,5349
357.4263,2.709,5358
359.2573,2.718,5367
361.6987,2.736,5376
364.1401,2.745,5385
366.5815,2.754,5394
369.0229,2.772,5403
371.4644,2.781,5412
373.9058,2.79,5421
376.9575,2.799,5430
378.7886,2.817,5439
381.8403,2.826,5448
383.6714,2.835,5457
387.3335,2.844,5466
390.3853,2.853,5475
391.606,2.862,5484
395.8784,2.871,5493
398.0146,2.88,5502
400.7612,2.889,5511
403.2026,2.898,5520
406.8647,2.898,5529
409.9165,2.907,5538
412.9683,2.916,5547
415.4097,2.925,5556
417.8511,2.925,5565
421.5132,2.934,5574
422.7339,2.943,5583
426.396,2.943,5592
427.6167,2.952,5601
431.584,2.952,5610
432.4995,2.961,5619
436.1616,2.961,5628
437.3823,2.97,5637
439.8237,2.97,5646
442.2651,2.979,5655
444.0962,2.979,5664
446.8428,2.979,5673
447.1479,2.988,5682
450.1997,2.988,5691
451.1152,2.997,5700
453.8618,2.997,5709
455.998,2.997,5718
456.9136,3.006,5727
456.9136,3.006,5736
459.355,3.006,5745
461.7964,3.006,5754
463.3223,3.015,5763
464.2378,3.015,5772
465.4585,3.015,5781
466.6792,3.015,5790
466.6792,3.015,5799
469.1206,3.015,5808
470.6465,3.024,5817
471.562,3.024,5826
471.562,3.024,5835
474.0034,3.024,5844
475.8345,3.024,5853
476.4448,3.024,5862
476.4448,3.033,5871
478.8862,3.033,5880
479.4966,3.033,5889
480.4121,3.033,5898
481.3276,3.033,5907
483.1587,3.033,5916
483.769,3.033,5925
484.9897,3.033,5934
485.2949,3.042,5943
485.9053,3.042,5952
486.2104,3.042,5961
486.2104,3.042,5970
488.6519,3.042,5979
488.6519,3.042,5988
490.1777,3.042,5997
490.7881,3.042,6006
491.0933,3.042,6015
491.0933,3.042,6024
491.0933,3.042,6033
492.9243,3.042,6042
493.5347,3.051,6051
495.0605,3.051,6060
495.9761,3.051,6069
495.6709,3.051,6078
495.9761,3.051,6087
498.4175,3.051,6096
498.4175,3.051,6105
499.6382,3.051,6114
500.5537,3.051,6123
500.8589,3.06,6132
500.8589,3.06,6141
500.8589,3.06,6150
502.6899,3.06,6159
503.3003,3.06,6168
503.9106,3.06,6177
505.7417,3.06,6186
505.7417,3.06,6195
505.7417,3.06,6204
505.7417,3.069,6213
508.1831,3.069,6222
508.1831,3.069,6231
508.1831,3.069,6240
510.3193,3.069,6249
510.0142,3.069,6258
510.6245,3.069,6267
512.4556,3.078,6276
513.6763,3.078,6285
514.2866,3.078,6294
515.2021,3.078,6303
515.5073,3.078,6312
515.5073,3.078,6321
515.5073,3.078,6330
518.5591,3.078,6339
517.9487,3.087,6348
519.4746,3.087,6357
520.3901,3.087,6366
520.3901,3.087,6375
521.916,3.087,6384
522.8315,3.087,6393
524.3574,3.087,6402
524.6626,3.096,6411
525.2729,3.096,6420
525.2729,3.096,6429
527.104,3.096,6438
527.104,3.096,6447
528.3247,3.096,6456
529.2402,3.105,6465
530.1558,3.105,6474
530.1558,3.105,6483
530.1558,3.105,6492
532.5972,3.105,6501
534.123,3.105,6510
534.7334,3.114,6519
535.0386,3.114,6528
535.0386,3.114,6537
537.48,3.114,6546
537.48,3.114,6555
539.311,3.114,6564
539.9214,3.123,6573
539.9214,3.123,6582
539.9214,3.123,6591
539.9214,3.123,6600
542.3628,3.123,6609
542.3628,3.123,6618
544.8042,3.123,6627
544.8042,3.132,6636
544.8042,3.132,6645
547.2456,3.132,6654
548.4663,3.132,6663
549.0767,3.132,6672
548.7715,3.132,6681
549.687,3.141,6690
549.687,3.141,6699
551.5181,3.141,6708
552.1284,3.141,6717
553.6543,3.141,6726
553.6543,3.15,6735
554.5698,3.15,6744
554.5698,3.15,6753
557.0112,3.15,6762
557.6216,3.15,6771
558.8423,3.15,6780
558.8423,3.15,6789
559.4526,3.15,6798
559.4526,3.159,6807
561.894,3.159,6816
561.894,3.159,6825
564.0303,3.159,6834
564.3354,3.159,6843
564.3354,3.159,6852
564.3354,3.168,6861
566.7769,3.168,6870
567.3872,3.168,6879
568.3027,3.168,6888
569.2183,3.168,6897
569.2183,3.168,6906
569.2183,3.177,6915
571.6597,3.177,6924
571.6597,3.177,6933
571.6597,3.177,6942
574.1011,3.177,6951
574.1011,3.186,6960
575.9321,3.186,6969
576.5425,3.186,6978
577.458,3.186,6987
578.0684,3.186,6996
578.6787,3.186,7005
578.9839,3.186,7014
581.4253,3.195,7023
581.4253,3.195,7032
582.646,3.195,7041
583.5615,3.195,7050
583.8667,3.195,7059
583.8667,3.195,7068
583.8667,3.204,7077
586.3081,3.204,7086
587.834,3.204,7095
587.834,3.204,7104
588.7495,3.204,7113
588.7495,3.204,7122
588.7495,3.213,7131
591.1909,3.213,7140
592.4116,3.213,7149
593.6323,3.213,7158
593.6323,3.213,7167
593.6323,3.222,7176
596.0737,3.222,7185
596.6841,3.222,7194
597.2944,3.222,7203
597.9048,3.222,7212
598.5151,3.222,7221
598.5151,3.222,7230
600.9565,3.231,7239
600.9565,3.231,7248
602.4824,3.231,7257
603.3979,3.231,7266
603.3979,3.231,7275
603.3979,3.231,7284
606.4497,3.24,7293
607.3652,3.24,7302
608.2808,3.24,7311
608.2808,3.24,7320
608.2808,3.24,7329
608.2808,3.24,7338
610.1118,3.24,7347
610.7222,3.249,7356
611.3325,3.249,7365
613.1636,3.249,7374
613.1636,3.249,7383
613.1636,3.249,7392
615.605,3.258,7401
616.2153,3.258,7410
615.605,3.258,7419
616.8257,3.258,7428
618.0464,3.258,7437
619.5723,3.258,7446
620.4878,3.258,7455
620.4878,3.267,7464
620.4878,3.267,7473
622.3188,3.267,7482
622.9292,3.267,7491
622.9292,3.267,7500
622.9292,3.267,7509
625.3706,3.267,7518
625.981,3.267,7527
626.5913,3.276,7536
627.2017,3.276,7545
627.5068,3.276,7554
629.6431,3.276,7563
630.2534,3.276,7572
631.7793,3.276,7581
631.7793,3.285,7590
632.6948,3.285,7599
632.6948,3.285,7608
632.6948,3.285,7617
635.1362,3.285,7626
634.5259,3.294,7635
636.3569,3.294,7644
636.3569,3.294,7653
637.5776,3.294,7662
637.5776,3.294,7671
639.4087,3.294,7680
640.019,3.294,7689
639.4087,3.303,7698
642.4604,3.303,7707
642.4604,3.303,7716
644.2915,3.303,7725
644.9019,3.303,7734
644.9019,3.303,7743
646.1226,3.312,7752
647.3433,3.312,7761
647.3433,3.312,7770
647.3433,3.312,7779
647.3433,3.312,7788
649.7847,3.312,7797
651.3105,3.321,7806
652.2261,3.321,7815
652.2261,3.321,7824
653.752,3.321,7833
654.6675,3.321,7842
654.6675,3.321,7851
656.8037,3.33,7860
657.1089,3.33,7869
657.1089,3.33,7878
658.9399,3.33,7887
659.5503,3.33,7896
659.5503,3.33,7905
661.0762,3.33,7914
661.6865,3.339,7923
661.6865,3.339,7932
663.8228,3.339,7941
664.4331,3.339,7950
665.0435,3.339,7959
666.2642,3.339,7968
666.2642,3.348,7977
666.8745,3.348,7986
666.8745,3.348,7995
668.7056,3.348,8004
669.3159,3.348,8013
671.7573,3.348,8022
671.7573,3.357,8031
671.7573,3.357,8040
673.8936,3.357,8049
674.1987,3.357,8058
674.8091,3.357,8067
676.335,3.366,8076
676.6401,3.366,8085
676.6401,3.366,8094
679.0815,3.366,8103
679.0815,3.366,8112
680.3022,3.366,8121
680.6074,3.366,8130
681.5229,3.375,8139
681.5229,3.375,8148
681.5229,3.375,8157
683.9644,3.375,8166
683.354,3.375,8175
685.4902,3.375,8184
686.4058,3.375,8193
686.4058,3.375,8202
686.4058,3.384,8211
688.8472,3.384,8220
688.8472,3.384,8229
690.0679,3.384,8238
690.9834,3.384,8247
691.2886,3.384,8256
691.2886,3.393,8265
693.73,3.393,8274
695.561,3.393,8283
695.8662,3.393,8292
696.1714,3.393,8301
696.1714,3.393,8310
696.1714,3.402,8319
698.6128,3.402,8328
698.6128,3.402,8337
700.4438,3.402,8346
701.0542,3.402,8355
701.0542,3.402,8364
703.4956,3.402,8373
703.4956,3.411,8382
704.106,3.411,8391
705.0215,3.411,8400
705.937,3.411,8409
705.937,3.411,8418
708.3784,3.411,8427
708.3784,3.42,8436
709.9043,3.42,8445
710.8198,3.42,8454
710.8198,3.42,8463
713.2612,3.42,8472
713.2612,3.42,8481
714.4819,3.429,8490
714.4819,3.429,8499
715.0923,3.429,8508
715.7026,3.429,8517
717.5337,3.429,8526
718.144,3.429,8535
719.9751,3.429,8544
720.5854,3.438,8553
720.5854,3.438,8562
720.5854,3.438,8571
723.0269,3.438,8580
723.0269,3.438,8589
724.5527,3.438,8598
724.8579,3.438,8607
725.4683,3.447,8616
727.2993,3.447,8625
727.9097,3.447,8634
729.4355,3.447,8643
730.3511,3.447,8652
730.3511,3.447,8661
730.3511,3.447,8670
730.3511,3.447,8679
732.7925,3.456,8688
733.4028,3.456,8697
734.3184,3.456,8706
735.2339,3.456,8715
737.0649,3.456,8724
737.6753,3.456,8733
739.2012,3.456,8742
739.8115,3.465,8751
740.1167,3.465,8760
740.1167,3.465,8769
741.9478,3.465,8778
742.5581,3.465,8787
743.1685,3.465,8796
744.3892,3.465,8805
744.9995,3.474,8814
744.9995,3.474,8823
744.9995,3.474,8832
746.8306,3.474,8841
748.0513,3.474,8850
748.0513,3.474,8859
748.9668,3.474,8868
749.272,3.474,8877
749.8823,3.474,8886
749.8823,3.483,8895
751.7134,3.483,8904
752.9341,3.483,8913
754.1548,3.483,8922
754.7651,3.483,8931
754.7651,3.483,8940
756.9014,3.483,8949
757.2065,3.483,8958
758.4272,3.492,8967
759.6479,3.492,8976
759.6479,3.492,8985
759.6479,3.492,8994
761.479,3.492,9003
762.0894,3.492,9012
763.3101,3.492,9021
764.2256,3.501,9030
764.5308,3.501,9039
766.3618,3.501,9048
766.9722,3.501,9057
767.5825,3.501,9066
768.498,3.501,9075
769.4136,3.51,9084
769.4136,3.51,9093
771.2446,3.51,9102
771.855,3.51,9111
773.0757,3.51,9120
773.9912,3.51,9129
774.2964,3.51,9138
774.2964,3.51,9147
775.8223,3.51,9156
776.7378,3.519,9165
776.7378,3.519,9174
779.1792,3.519,9183
779.1792,3.519,9192
779.1792,3.519,9201
781.0103,3.519,9210
781.6206,3.519,9219
782.8413,3.528,9228
783.4517,3.528,9237
784.062,3.528,9246
784.062,3.528,9255
785.8931,3.528,9264
786.5034,3.528,9273
786.5034,3.528,9282
787.1138,3.528,9291
788.0293,3.537,9300
788.9448,3.537,9309
788.9448,3.537,9318
790.7759,3.537,9327
792.6069,3.537,9336
792.9121,3.537,9345
793.8276,3.537,9354
795.6587,3.546,9363
796.269,3.546,9372
797.4897,3.546,9381
797.7949,3.546,9390
798.1001,3.546,9399
798.7104,3.546,9408
798.7104,3.546,9417
801.1519,3.546,9426
801.1519,3.546,9435
802.6777,3.555,9444
801.7622,3.555,9453
803.5933,3.555,9462
803.5933,3.555,9471
805.4243,3.555,9480
805.4243,3.555,9489
806.0347,3.555,9498
807.5605,3.555,9507
808.4761,3.555,9516
810.3071,3.564,9525
810.9175,3.564,9534
811.5278,3.564,9543
813.0537,3.564,9552
813.3589,3.564,9561
813.3589,3.564,9570
814.8848,3.564,9579
815.8003,3.564,9588
815.8003,3.564,9597
815.8003,3.573,9606
817.3262,3.573,9615
818.2417,3.573,9624
818.2417,3.573,9633
820.0728,3.573,9642
820.6831,3.573,9651
822.5142,3.573,9660
823.1245,3.582,9669
823.1245,3.582,9678
825.5659,3.582,9687
825.5659,3.582,9696
827.0918,3.582,9705
828.0073,3.582,9714
828.0073,3.582,9723
828.0073,3.582,9732
830.4487,3.582,9741
830.4487,3.582,9750
830.4487,3.582,9759
831.0591,3.591,9768
832.8901,3.591,9777
832.8901,3.591,9786
835.3315,3.591,9795
836.8574,3.591,9804
836.8574,3.591,9813
837.7729,3.591,9822
837.7729,3.591,9831
840.2144,3.591,9840
840.2144,3.6,9849
840.2144,3.6,9858
840.8247,3.6,9867
840.8247,3.6,9876
842.6558,3.6,9885
842.6558,3.6,9894
842.6558,3.6,9903
842.6558,3.6,9912
845.7075,3.6,9921
847.5386,3.6,9930
847.5386,3.6,9939
849.3696,3.609,9948
849.98,3.609,9957
849.98,3.609,9966
851.5059,3.609,9975
852.4214,3.609,9984
853.9473,3.609,9993
853.9473,3.609,10002
854.8628,3.609,10011
854.8628,3.609,10020
856.0835,3.618,10029
857.3042,3.618,10038
857.3042,3.618,10047
857.3042,3.618,10056
859.1353,3.618,10065
859.7456,3.618,10074
861.2715,3.618,10083
862.187,3.618,10092
862.187,3.618,10101
862.187,3.618,10110
862.187,3.618,10119
864.0181,3.618,10128
864.6284,3.618,10137
865.8491,3.627,10146
864.6284,3.627,10155
867.0698,3.627,10164
867.0698,3.627,10173
870.7319,3.627,10182
871.3423,3.627,10191
871.9526,3.627,10200
871.9526,3.627,10209
874.394,3.627,10218
875.0044,3.627,10227
875.9199,3.636,10236
876.8354,3.636,10245
876.8354,3.636,10254
876.8354,3.636,10263
876.8354,3.636,10272
878.6665,3.636,10281
879.2769,3.636,10290
881.7183,3.636,10299
881.7183,3.636,10308
881.7183,3.636,10317
881.7183,3.636,10326
884.1597,3.645,10335
885.6855,3.645,10344
886.6011,3.645,10353
886.6011,3.645,10362
886.6011,3.645,10371
888.4321,3.645,10380
889.6528,3.645,10389
890.5684,3.645,10398
891.4839,3.645,10407
891.4839,3.654,10416
893.3149,3.654,10425
893.9253,3.654,10434
895.146,3.654,10443
893.9253,3.654,10452
895.7563,3.654,10461
896.3667,3.654,10470
898.1978,3.654,10479
900.0288,3.654,10488
900.334,3.654,10497
900.9443,3.654,10506
901.2495,3.654,10515
901.2495,3.654,10524
901.2495,3.663,10533
901.2495,3.663,10542
903.6909,3.663,10551
905.522,3.663,10560
906.1323,3.663,10569
906.1323,3.663,10578
906.1323,3.663,10587
907.9634,3.663,10596
908.5737,3.663,10605
909.1841,3.663,10614
910.4048,3.663,10623
911.0151,3.663,10632
912.8462,3.672,10641
913.4565,3.672,10650
913.4565,3.672,10659
913.4565,3.672,10668
914.6772,3.672,10677
915.2876,3.672,10686
915.8979,3.672,10695
917.729,3.672,10704
918.9497,3.672,10713
919.8652,3.672,10722
920.7808,3.672,10731
920.7808,3.681,10740
920.7808,3.681,10749
920.7808,3.681,10758
923.2222,3.681,10767
924.748,3.681,10776
925.3584,3.681,10785
925.6636,3.681,10794
925.6636,3.681,10803
928.105,3.681,10812
928.105,3.681,10821
929.3257,3.69,10830
930.5464,3.69,10839
930.5464,3.69,10848
930.5464,3.69,10857
932.0723,3.69,10866
932.6826,3.69,10875
932.9878,3.69,10884
934.2085,3.69,10893
935.4292,3.69,10902
935.4292,3.69,10911
937.2603,3.69,10920
937.8706,3.69,10929
938.481,3.69,10938
937.8706,3.699,10947
939.3965,3.699,10956
940.312,3.699,10965
940.312,3.699,10974
942.7534,3.699,10983
942.7534,3.699,10992
945.1948,3.699,11001
945.1948,3.699,11010
947.0259,3.699,11019
947.3311,3.699,11028
947.6362,3.699,11037
947.6362,3.699,11046
949.7725,3.708,11055
950.0776,3.708,11064
950.0776,3.708,11073
952.519,3.708,11082
952.519,3.708,11091
953.7397,3.708,11100
954.3501,3.708,11109
954.9604,3.708,11118
954.9604,3.708,11127
957.4019,3.708,11136
959.2329,3.717,11145
959.2329,3.717,11154
959.8433,3.717,11163
959.8433,3.717,11172
961.9795,3.717,11181
962.2847,3.717,11190
962.2847,3.717,11199
962.2847,3.717,11208
964.4209,3.717,11217
964.7261,3.717,11226
967.1675,3.726,11235
967.7778,3.726,11244
968.9985,3.726,11253
969.3037,3.726,11262
969.6089,3.726,11271
971.4399,3.726,11280
972.0503,3.726,11289
973.271,3.726,11298
973.5762,3.726,11307
973.5762,3.726,11316
974.4917,3.726,11325
974.4917,3.726,11334
976.9331,3.735,11343
976.9331,3.735,11352
977.5435,3.735,11361
978.7642,3.735,11370
979.3745,3.735,11379
979.3745,3.735,11388
981.8159,3.735,11397
982.4263,3.735,11406
983.0366,3.735,11415
984.2573,3.735,11424
984.2573,3.735,11433
984.2573,3.735,11442
986.6987,3.744,11451
987.3091,3.744,11460
988.5298,3.744,11469
988.2246,3.744,11478
989.1401,3.744,11487
989.1401,3.744,11496
991.5815,3.744,11505
991.5815,3.744,11514
993.1074,3.744,11523
993.7178,3.744,11532
994.0229,3.744,11541
994.0229,3.744,11550
994.0229,3.753,11559
996.4644,3.753,11568
998.2954,3.753,11577
998.9058,3.753,11586
998.9058,3.753,11595
1000.737,3.753,11604
1001.347,3.753,11613
1001.347,3.753,11622
1001.347,3.753,11631
1001.958,3.753,11640
1001.347,3.753,11649
1001.347,3.753,11658
1002.568,3.762,11667
1001.958,3.762,11676
1001.347,3.762,11685
1001.958,3.762,11694
1002.873,3.762,11703
1001.958,3.762,11712
1003.789,3.762,11721
1003.789,3.762,11730
1003.789,3.762,11739
1003.789,3.762,11748
1003.789,3.762,11757
1003.789,3.762,11766
1003.789,3.762,11775
1003.789,3.762,11784
1003.178,3.762,11793
1003.483,3.762,11802
1002.873,3.762,11811
1003.789,3.762,11820
1003.789,3.762,11829
1003.789,3.762,11838
1003.789,3.762,11847
1003.789,3.762,11856
1003.789,3.762,11865
1003.789,3.762,11874
1002.873,3.762,11883
1003.789,3.762,11892
1003.789,3.762,11901
1003.789,3.762,11910
1003.789,3.762,11919
1003.789,3.762,11928
1003.789,3.762,11937
1005.62,3.762,11946
1005.62,3.762,11955
1003.789,3.762,11964
1003.789,3.762,11973
1003.178,3.762,11982
1003.789,3.762,11991
1003.789,3.762,12000
1005.62,3.762,12009
1006.84,3.762,12018
1007.451,3.762,12027
1006.84,3.762,12036
1006.23,3.762,12045
1006.23,3.762,12054
1005.62,3.762,12063
1003.789,3.762,12072
1003.789,3.762,12081
1003.789,3.762,12090
1003.789,3.762,12099
1003.789,3.762,12108
1003.789,3.762,12117
1005.62,3.762,12126
1005.62,3.762,12135
1005.62,3.762,12144
1005.62,3.762,12153
1003.789,3.762,12162
1003.789,3.762,12171
1003.789,3.762,12180
1005.62,3.762,12189
1005.62,3.762,12198
1005.62,3.762,12207
1006.23,3.762,12216
1006.23,3.762,12225
1006.84,3.762,12234
1006.84,3.762,12243
1006.23,3.762,12252
1006.23,3.762,12261
1003.789,3.762,12270
1003.789,3.762,12279
1003.789,3.762,12288
1003.789,3.762,12297
1005.62,3.762,12306
1003.789,3.762,12315
1005.62,3.762,12324
1005.62,3.762,12333
1005.62,3.762,12342
1005.62,3.762,12351
1005.925,3.762,12360
1005.62,3.762,12369
1006.23,3.762,12378
1006.23,3.762,12387
1006.23,3.762,12396
1005.62,3.762,12405
1005.62,3.762,12414
1005.62,3.762,12423
1006.23,3.762,12432
1003.789,3.762,12441
1003.789,3.762,12450
1003.789,3.762,12459
1003.789,3.762,12468
1003.789,3.762,12477
1003.789,3.762,12486
1003.789,3.762,12495
1003.789,3.762,12504
1003.789,3.762,12513
1003.789,3.762,12522
1003.789,3.762,12531
1003.789,3.762,12540
1003.789,3.762,12549
1003.789,3.762,12558
1003.789,3.762,12567
1003.789,3.762,12576
1003.789,3.762,12585
1003.789,3.762,12594
1003.789,3.762,12603
1003.789,3.762,12612
1003.789,3.762,12621
1003.789,3.771,12630
1003.789,3.771,12639
1003.789,3.771,12648
1003.789,3.771,12657
1003.789,3.771,12666
1003.789,3.771,12675
1003.789,3.771,12684
1003.789,3.771,12693
1003.789,3.771,12702
1003.789,3.771,12711
1003.789,3.771,12720
1003.789,3.771,12729
1003.789,3.771,12738
1006.23,3.771,12747
1003.789,3.771,12756
1006.23,3.771,12765
1006.23,3.771,12774
1005.62,3.771,12783
1005.62,3.771,12792
1006.23,3.771,12801
1005.314,3.771,12810
1003.789,3.771,12819
1005.62,3.771,12828
1003.789,3.771,12837
1003.789,3.771,12846
1003.789,3.771,12855
1003.789,3.771,12864
1003.789,3.771,12873
1003.789,3.771,12882
1003.789,3.771,12891
1003.789,3.771,12900
1005.314,3.771,12909
1003.789,3.771,12918
1003.789,3.771,12927
1005.62,3.771,12936
1006.23,3.771,12945
1006.23,3.771,12954
1006.23,3.771,12963
1006.23,3.771,12972
1006.23,3.771,12981
1006.23,3.771,12990
1006.23,3.771,12999
1006.23,3.771,13008
1005.62,3.771,13017
1006.23,3.771,13026
1005.62,3.771,13035
1003.789,3.771,13044
1003.789,3.771,13053
1005.62,3.771,13062
1006.23,3.771,13071
1006.23,3.771,13080
1003.789,3.771,13089
1005.62,3.771,13098
1005.62,3.771,13107
1003.789,3.771,13116
1005.314,3.771,13125
1003.789,3.771,13134
1003.789,3.771,13143
1005.314,3.771,13152
1005.62,3.771,13161
1003.789,3.771,13170
1005.62,3.771,13179
1005.314,3.771,13188
1005.62,3.771,13197
1005.62,3.771,13206
1005.62,3.771,13215
1003.789,3.771,13224
1003.789,3.771,13233
1003.789,3.771,13242
1003.789,3.771,13251
1003.789,3.771,13260
1005.314,3.771,13269
1005.62,3.771,13278
1003.789,3.771,13287
1006.23,3.771,13296
1005.62,3.771,13305
1005.62,3.771,13314
1003.789,3.771,13323
1003.789,3.771,13332
1003.789,3.771,13341
1003.789,3.771,13350
1003.789,3.771,13359
1003.789,3.771,13368
1003.789,3.771,13377
1003.789,3.771,13386
1003.789,3.771,13395
1003.789,3.771,13404
1003.789,3.771,13413
1003.789,3.771,13422
1003.789,3.771,13431
1003.789,3.771,13440
1003.789,3.771,13449
1003.789,3.771,13458
1003.789,3.771,13467
1003.789,3.771,13476
1003.789,3.771,13485
1003.789,3.771,13494
1003.789,3.771,13503
1003.789,3.771,13512
1003.789,3.771,13521
1003.789,3.771,13530
1003.789,3.771,13539
1003.789,3.771,13548
1003.789,3.771,13557
1003.789,3.771,13566
1003.789,3.771,13575
1003.789,3.771,13584
1003.178,3.771,13593
1003.789,3.771,13602
1003.789,3.771,13611
1003.789,3.771,13620
1003.483,3.771,13629
1003.789,3.771,13638
1003.789,3.771,13647
1003.789,3.771,13656
1003.789,3.771,13665
1003.178,3.771,13674
1003.789,3.771,13683
1003.789,3.771,13692
1003.789,3.771,13701
1003.789,3.771,13710
1003.789,3.771,13719
1003.789,3.771,13728
1003.789,3.771,13737
1003.789,3.771,13746
1003.789,3.771,13755
1003.789,3.771,13764
1003.789,3.771,13773
1003.789,3.771,13782
1003.789,3.771,13791
1003.789,3.771,13800
1003.789,3.771,13809
1003.789,3.771,13818
1003.789,3.771,13827
1003.789,3.771,13836
1003.789,3.771,13845
1003.789,3.771,13854
1003.789,3.771,13863
1003.789,3.771,13872
1003.789,3.771,13881
1003.789,3.771,13890
1003.789,3.771,13899
1003.789,3.771,13908
1005.314,3.771,13917
1003.789,3.771,13926
1003.789,3.771,13935
1003.789,3.771,13944
1003.789,3.771,13953
1003.789,3.771,13962
1003.789,3.771,13971
1003.789,3.771,13980
1003.483,3.771,13989
1003.789,3.771,13998
1003.789,3.771,14007
1003.789,3.771,14016
1003.789,3.771,14025
1003.789,3.771,14034
1003.789,3.771,14043
1003.789,3.771,14052
1003.789,3.771,14061
1003.789,3.771,14070
1003.789,3.771,14079
1003.789,3.771,14088
1003.789,3.771,14097
1003.789,3.771,14106
1003.789,3.771,14115
1003.789,3.771,14124
1003.789,3.771,14133
1003.789,3.771,14142
1003.789,3.771,14151
1003.789,3.771,14160
1003.789,3.771,14169
1003.789,3.771,14178
1003.789,3.771,14187
1003.789,3.771,14196
1003.789,3.771,14205
1003.789,3.771,14214
1003.789,3.771,14223
1003.789,3.771,14232
1003.789,3.771,14241
1003.789,3.771,14250
1003.789,3.771,14259
1003.789,3.771,14268
1003.789,3.771,14277
1005.62,3.771,14286
1005.314,3.771,14295
1003.789,3.771,14304
1003.789,3.771,14313
1003.789,3.771,14322
1003.178,3.771,14331
1003.789,3.771,14340
1003.789,3.771,14349
1003.789,3.771,14358
1003.789,3.771,14367
1003.789,3.771,14376
1003.789,3.771,14385
1003.789,3.771,14394
1003.789,3.771,14403
1003.789,3.771,14412
1003.789,3.771,14421
1003.789,3.771,14430
1003.789,3.771,14439
1003.789,3.771,14448
1003.789,3.771,14457
1003.789,3.771,14466
1003.789,3.771,14475
1003.789,3.771,14484
1003.789,3.771,14493
1003.789,3.771,14502
1003.789,3.771,14511
1003.178,3.771,14520
1003.789,3.771,14529
1003.789,3.771,14538
1003.789,3.771,14547
1003.789,3.771,14556
1003.789,3.771,14565
1003.789,3.771,14574
1003.789,3.771,14583
1003.789,3.771,14592
1003.789,3.771,14601
1003.789,3.771,14610
1003.789,3.771,14619
1003.789,3.771,14628
1003.789,3.771,14637
1003.789,3.771,14646
1003.789,3.771,14655
1003.789,3.771,14664
1003.789,3.771,14673
1003.789,3.771,14682
1003.789,3.771,14691
1003.789,3.771,14700
1003.789,3.771,14709
1003.789,3.771,14718
1003.789,3.771,14727
1003.789,3.771,14736
1003.789,3.771,14745
1003.789,3.771,14754
1003.789,3.771,14763
1003.789,3.771,14772
1003.789,3.771,14781
1003.789,3.771,14790
1003.178,3.771,14799
1003.789,3.771,14808
1001.958,3.771,14817
1003.789,3.771,14826
1003.789,3.771,14835
1003.789,3.771,14844
1003.789,3.771,14853
1003.789,3.771,14862
1002.873,3.771,14871
1003.789,3.771,14880
1003.789,3.771,14889
1003.789,3.771,14898
1003.789,3.771,14907
1003.789,3.771,14916
1003.789,3.771,14925
1003.789,3.771,14934
1003.789,3.771,14943
1003.789,3.771,14952
1003.789,3.771,14961
1003.789,3.771,14970
1003.789,3.771,14979
1003.178,3.771,14988
1003.789,3.771,14997
1003.789,3.771,15006
1003.789,3.771,15015
1003.789,3.771,15024
1003.789,3.771,15033
1003.789,3.771,15042
1003.789,3.771,15051
1003.789,3.771,15060
1003.789,3.771,15069
1003.789,3.771,15078
1003.178,3.771,15087
1002.873,3.771,15096
1003.483,3.771,15105
1003.483,3.771,15114
1001.958,3.771,15123
1003.789,3.771,15132
1003.178,3.771,15141
1003.178,3.771,15150
1003.789,3.771,15159
1002.873,3.771,15168
1003.789,3.771,15177
1003.789,3.771,15186
1003.789,3.771,15195
1003.789,3.771,15204
1002.873,3.771,15213
1003.789,3.771,15222
1003.178,3.771,15231
1003.789,3.771,15240
1003.789,3.771,15249
1003.483,3.771,15258
1003.178,3.771,15267
1002.873,3.771,15276
1003.483,3.771,15285
1003.789,3.771,15294
1003.789,3.771,15303
1003.789,3.771,15312
1003.789,3.771,15321
1003.789,3.771,15330
1003.789,3.771,15339
1003.789,3.771,15348
1003.789,3.771,15357
1003.483,3.771,15366
1003.789,3.771,15375
1003.789,3.771,15384
1003.789,3.771,15393
1003.789,3.771,15402
1003.789,3.771,15411
1003.789,3.771,15420
1003.789,3.771,15429
1003.789,3.771,15438
1003.789,3.771,15447
1003.178,3.771,15456
1003.789,3.771,15465
1003.789,3.771,15474
1003.789,3.771,15483
1003.789,3.771,15492
1003.789,3.771,15501
1003.789,3.771,15510
1003.483,3.771,15519
1003.789,3.771,15528
1003.789,3.771,15537
1002.263,3.771,15546
1003.178,3.771,15555
1001.347,3.771,15564
1003.178,3.771,15573
1002.873,3.771,15582
1003.789,3.771,15591
1003.789,3.771,15600
1002.568,3.771,15609
1003.483,3.771,15618
1003.789,3.771,15627
1003.789,3.771,15636
1003.789,3.771,15645
1003.789,3.771,15654
1003.789,3.771,15663
1003.789,3.771,15672
1003.178,3.771,15681
1003.789,3.771,15690
1003.178,3.771,15699
1003.789,3.771,15708
1003.789,3.771,15717
1003.483,3.771,15726
1003.789,3.771,15735
1003.789,3.771,15744
1003.789,3.771,15753
1003.789,3.771,15762
1003.789,3.771,15771
1003.789,3.771,15780
1003.483,3.771,15789
1003.789,3.771,15798
1003.789,3.771,15807
1003.789,3.771,15816
1003.789,3.771,15825
1002.873,3.771,15834
1002.873,3.771,15843
1003.178,3.771,15852
1002.873,3.771,15861
1003.789,3.771,15870
1003.789,3.771,15879
1003.789,3.771,15888
1003.789,3.771,15897
1003.789,3.771,15906
1003.789,3.771,15915
1003.789,3.771,15924
1001.347,3.771,15933
1003.789,3.771,15942
1003.789,3.771,15951
1003.789,3.771,15960
1003.178,3.771,15969
1003.178,3.771,15978
1003.789,3.771,15987
1003.789,3.771,15996
1003.789,3.771,16005
1003.789,3.771,16014
1002.873,3.771,16023
1001.347,3.771,16032
1002.873,3.771,16041
1001.958,3.771,16050
1001.347,3.771,16059
1002.873,3.771,16068
1003.178,3.771,16077
1003.789,3.771,16086
1003.483,3.771,16095
1003.789,3.771,16104
1003.789,3.771,16113
1003.789,3.771,16122
1003.789,3.771,16131
1003.178,3.771,16140
1003.789,3.771,16149
1003.789,3.771,16158
1003.789,3.771,16167
1003.789,3.771,16176
1003.789,3.771,16185
1003.789,3.771,16194
1002.873,3.771,16203
1002.873,3.771,16212
1003.483,3.771,16221
1002.873,3.771,16230
1003.178,3.771,16239
1003.789,3.771,16248
1003.789,3.771,16257
1003.789,3.771,16266
1002.873,3.771,16275
1003.789,3.771,16284
1003.789,3.771,16293
1003.483,3.771,16302
1003.789,3.771,16311
1003.789,3.771,16320
1003.789,3.771,16329
1003.789,3.771,16338
1003.789,3.771,16347
1003.483,3.771,16356
1003.483,3.771,16365
1002.873,3.771,16374
1002.873,3.771,16383
1002.873,3.771,16392
1002.873,3.771,16401
1003.789,3.771,16410
1003.789,3.771,16419
1003.483,3.771,16428
1003.178,3.771,16437
1002.873,3.771,16446
1002.568,3.771,16455
1001.958,3.771,16464
1002.568,3.771,16473
1003.483,3.771,16482
1003.789,3.771,16491
1003.789,3.771,16500
1002.873,3.771,16509
1003.789,3.771,16518
1003.789,3.771,16527
1003.789,3.771,16536
1003.483,3.771,16545
1003.789,3.771,16554
1002.873,3.771,16563
1002.873,3.771,16572
1003.178,3.771,16581
1002.873,3.771,16590
1002.873,3.771,16599
1003.178,3.771,16608
1003.789,3.771,16617
1003.789,3.771,16626
1003.789,3.771,16635
1002.873,3.771,16644
1003.483,3.771,16653
1002.873,3.771,16662
1003.178,3.771,16671
1002.873,3.771,16680
1003.178,3.771,16689
1002.873,3.771,16698
1003.178,3.771,16707
1003.178,3.771,16716
1002.873,3.771,16725
1002.873,3.771,16734
1001.958,3.771,16743
1002.873,3.771,16752
1002.873,3.771,16761
1003.178,3.771,16770
1002.873,3.771,16779
1003.483,3.771,16788
1003.178,3.771,16797
1003.178,3.771,16806
1003.789,3.771,16815
1003.789,3.771,16824
1003.789,3.771,16833
1003.483,3.771,16842
1002.873,3.771,16851
1003.789,3.771,16860
1003.789,3.771,16869
1003.789,3.771,16878
1003.789,3.771,16887
1003.789,3.771,16896
1003.789,3.771,16905
1003.789,3.771,16914
1003.789,3.771,16923
1003.789,3.771,16932
1002.873,3.771,16941
1003.789,3.771,16950
1003.178,3.771,16959
1003.483,3.771,16968
1002.873,3.771,16977
1003.789,3.771,16986
1003.483,3.771,16995
1003.178,3.771,17004
1002.873,3.771,17013
1002.873,3.771,17022
1002.873,3.771,17031
1002.873,3.771,17040
1002.568,3.771,17049
1003.178,3.771,17058
1003.483,3.771,17067
1003.789,3.771,17076
1003.789,3.771,17085
1003.178,3.771,17094
1003.178,3.771,17103
1003.789,3.771,17112
1003.789,3.771,17121
1003.789,3.771,17130
1003.789,3.771,17139
1003.483,3.771,17148
1003.789,3.771,17157
1003.178,3.771,17166
1003.178,3.771,17175
1003.178,3.771,17184
1003.483,3.771,17193
1003.789,3.771,17202
1003.789,3.771,17211
1003.483,3.771,17220
1003.483,3.771,17229
1003.178,3.771,17238
1002.873,3.771,17247
1002.873,3.771,17256
1003.483,3.771,17265
1003.178,3.771,17274
1003.178,3.771,17283
1001.347,3.771,17292
1002.873,3.771,17301
1002.873,3.771,17310
1002.568,3.771,17319
1001.347,3.771,17328
1001.347,3.771,17337
1001.958,3.771,17346
1003.789,3.771,17355
1002.873,3.771,17364
1003.483,3.771,17373
1003.178,3.771,17382
1002.873,3.771,17391
1003.483,3.771,17400
1002.873,3.771,17409
1002.873,3.771,17418
1002.873,3.771,17427
1002.873,3.771,17436
1002.568,3.771,17445
1003.178,3.771,17454
1003.178,3.771,17463
1003.483,3.771,17472
1003.789,3.771,17481
1003.178,3.771,17490
1002.873,3.771,17499
1003.483,3.771,17508
1003.483,3.771,17517
1002.873,3.771,17526
1002.873,3.771,17535
1002.873,3.771,17544
1002.873,3.771,17553
1003.789,3.771,17562
1003.789,3.771,17571
1003.789,3.771,17580
1003.178,3.771,17589
1003.483,3.771,17598
1002.873,3.771,17607
1002.873,3.771,17616
1002.568,3.771,17625
1001.958,3.771,17634
1001.958,3.771,17643
1001.347,3.771,17652
1001.347,3.771,17661
1001.958,3.771,17670
1001.347,3.771,17679
1002.568,3.771,17688
1002.568,3.771,17697
1002.568,3.771,17706
1002.873,3.771,17715
1002.873,3.771,17724
1002.873,3.771,17733
1002.873,3.771,17742
1003.178,3.771,17751
1003.178,3.771,17760
1003.178,3.771,17769
1002.873,3.771,17778
1003.178,3.771,17787
1002.873,3.771,17796
1002.873,3.771,17805
1002.873,3.771,17814
1003.483,3.771,17823
1003.178,3.771,17832
1002.873,3.771,17841
1003.178,3.771,17850
1003.178,3.771,17859
1002.873,3.771,17868
1002.873,3.771,17877
1002.568,3.771,17886
1002.873,3.771,17895
1001.958,3.771,17904
1002.873,3.771,17913
1001.958,3.771,17922
1001.347,3.771,17931
1002.568,3.771,17940
1001.958,3.771,17949
1002.873,3.771,17958
1002.873,3.771,17967
1002.873,3.771,17976
1003.178,3.771,17985
1001.347,3.771,17994
1003.178,3.771,18003
1003.178,3.771,18012
1003.789,3.771,18021
1002.873,3.771,18030
1002.873,3.771,18039
1002.873,3.771,18048
1001.347,3.771,18057
1001.347,3.771,18066
1001.347,3.771,18075
1001.347,3.771,18084
1001.347,3.771,18093
1001.347,3.771,18102
1001.958,3.771,18111
1002.873,3.771,18120
1002.873,3.771,18129
1002.873,3.771,18138
1003.178,3.771,18147
1003.178,3.771,18156
1002.873,3.771,18165
1002.873,3.771,18174
1001.958,3.771,18183
1002.873,3.771,18192
1003.178,3.771,18201
1003.178,3.771,18210
1002.873,3.771,18219
1001.347,3.771,18228
1002.873,3.771,18237
1001.958,3.771,18246
1001.958,3.771,18255
1002.568,3.771,18264
1001.958,3.771,18273
1002.873,3.771,18282
1002.873,3.771,18291
1002.568,3.771,18300
1001.347,3.771,18309
1001.347,3.771,18318
1001.347,3.771,18327
1001.347,3.771,18336
1001.347,3.771,18345
1001.958,3.771,18354
1001.347,3.771,18363
1001.958,3.771,18372
1001.347,3.771,18381
1001.347,3.771,18390
1001.347,3.771,18399
1002.873,3.771,18408
1003.789,3.771,18417
1002.873,3.771,18426
1002.873,3.771,18435
1002.873,3.771,18444
1002.873,3.771,18453
1002.873,3.771,18462
1002.873,3.771,18471
1002.873,3.771,18480
1002.873,3.771,18489
1002.873,3.771,18498
1002.873,3.771,18507
1002.873,3.771,18516
1002.568,3.771,18525
1002.568,3.771,18534
1001.347,3.771,18543
1002.873,3.771,18552
1002.873,3.771,18561
1002.873,3.771,18570
1002.873,3.771,18579
1002.568,3.771,18588
1002.873,3.771,18597
1002.873,3.771,18606
1003.178,3.771,18615
1002.873,3.771,18624
1003.789,3.771,18633
1003.789,3.771,18642
1003.178,3.771,18651
1002.568,3.771,18660
1001.347,3.771,18669
1000.737,3.771,18678
1001.347,3.771,18687
1001.347,3.771,18696
1002.263,3.771,18705
1001.958,3.771,18714
1002.568,3.771,18723
1002.568,3.771,18732
1002.568,3.771,18741
1001.347,3.771,18750
1002.873,3.771,18759
1002.873,3.771,18768
1002.873,3.771,18777
1002.873,3.771,18786
1003.178,3.771,18795
1003.178,3.771,18804
1003.178,3.771,18813
1001.347,3.771,18822
1001.347,3.771,18831
1001.347,3.771,18840
1001.347,3.771,18849
1001.347,3.771,18858
1001.347,3.771,18867
1000.737,3.771,18876
1002.873,3.771,18885
1002.873,3.771,18894
1003.483,3.771,18903
1003.483,3.771,18912
1003.178,3.771,18921
1003.178,3.771,18930
1003.178,3.771,18939
1002.873,3.771,18948
1001.347,3.771,18957
1001.347,3.771,18966
1001.347,3.771,18975
1001.958,3.771,18984
1001.958,3.771,18993
1001.958,3.771,19002
1001.347,3.771,19011
1001.347,3.771,19020
1001.347,3.771,19029
1001.958,3.771,19038
1001.347,3.771,19047
1001.958,3.771,19056
1001.958,3.771,19065
1001.958,3.771,19074
1001.958,3.771,19083
1002.873,3.771,19092
1000.737,3.771,19101
1001.347,3.771,19110
1001.347,3.771,19119
1002.568,3.771,19128
1001.958,3.771,19137
1001.958,3.771,19146
1001.347,3.771,19155
1001.347,3.771,19164
1002.873,3.771,19173
1001.347,3.771,19182
1001.958,3.771,19191
1002.568,3.771,19200
1002.568,3.771,19209
1002.873,3.771,19218
1002.873,3.771,19227
1001.958,3.771,19236
1002.873,3.771,19245
1002.873,3.771,19254
1002.873,3.771,19263
1002.873,3.771,19272
1002.873,3.771,19281
1002.873,3.771,19290
1002.873,3.771,19299
1002.568,3.771,19308
1001.347,3.771,19317
1002.873,3.771,19326
1002.873,3.771,19335
1002.873,3.771,19344
1002.873,3.771,19353
1001.958,3.771,19362
1001.958,3.771,19371
1002.873,3.771,19380
1002.873,3.771,19389
1001.958,3.771,19398
1001.347,3.771,19407
1001.347,3.771,19416
1001.958,3.771,19425
1001.958,3.771,19434
1001.347,3.771,19443
1001.958,3.771,19452
1001.958,3.771,19461
1002.568,3.771,19470
1001.958,3.771,19479
1001.958,3.771,19488
1003.178,3.771,19497
1002.873,3.771,19506
1001.958,3.771,19515
1001.347,3.771,19524
1001.347,3.771,19533
1001.347,3.771,19542
1001.347,3.771,19551
1001.347,3.771,19560
1002.873,3.771,19569
1001.958,3.771,19578
1001.347,3.771,19587
1001.347,3.771,19596
1001.958,3.771,19605
1001.347,3.771,19614
1001.347,3.771,19623
1001.347,3.771,19632
1001.347,3.771,19641
1001.347,3.771,19650
1001.347,3.771,19659
1001.347,3.771,19668
1001.958,3.771,19677
1000.737,3.771,19686
1001.958,3.771,19695
1001.347,3.771,19704
1002.568,3.771,19713
1001.958,3.771,19722
1002.263,3.771,19731
1002.873,3.771,19740
1001.347,3.771,19749
1002.568,3.771,19758
1001.347,3.771,19767
1001.958,3.771,19776
1001.347,3.771,19785
1001.347,3.771,19794
1001.347,3.771,19803
1001.347,3.771,19812
1001.958,3.771,19821
1001.347,3.771,19830
1001.347,3.771,19839
1001.347,3.771,19848
1001.347,3.771,19857
1001.347,3.771,19866
1002.873,3.771,19875
1003.483,3.771,19884
1003.483,3.771,19893
1003.483,3.771,19902
1001.958,3.771,19911
1001.958,3.771,19920
1001.347,3.771,19929
1001.347,3.771,19938
1001.347,3.771,19947
1001.347,3.771,19956
998.9058,3.771,19965
1001.347,3.771,19974
1001.958,3.771,19983
1002.873,3.771,19992
1003.178,3.771,20001
1003.789,3.771,20010
1003.178,3.771,20019
1003.789,3.771,20028
1001.958,3.771,20037
1001.347,3.771,20046
1002.873,3.771,20055
1001.347,3.771,20064
1002.873,3.771,20073
1002.568,3.771,20082
1001.347,3.771,20091
1001.347,3.771,20100
1001.958,3.771,20109
1001.958,3.771,20118
1002.568,3.771,20127
1001.347,3.771,20136
998.9058,3.771,20145
1002.568,3.771,20154
1001.347,3.771,20163
1001.347,3.771,20172
1002.568,3.771,20181
1002.873,3.771,20190
1002.873,3.771,20199
1002.568,3.771,20208
1001.958,3.771,20217
1002.568,3.771,20226
1001.958,3.771,20235
1002.568,3.771,20244
1001.347,3.771,20253
1002.568,3.771,20262
1001.958,3.771,20271
1001.958,3.771,20280
1002.568,3.771,20289
1002.873,3.771,20298
1001.347,3.771,20307
1002.873,3.771,20316
1002.873,3.771,20325
1002.263,3.771,20334
1002.873,3.771,20343
1001.958,3.771,20352
1001.042,3.771,20361
1001.347,3.771,20370
1001.347,3.771,20379
1001.347,3.771,20388
1001.347,3.771,20397
1001.347,3.771,20406
1001.958,3.771,20415
1001.347,3.771,20424
1001.347,3.771,20433
998.9058,3.771,20442
1001.347,3.771,20451
1001.347,3.771,20460
1001.958,3.771,20469
1002.873,3.771,20478
1002.873,3.771,20487
1001.958,3.771,20496
1001.347,3.771,20505
1001.347,3.771,20514
1001.347,3.771,20523
1001.347,3.771,20532
1001.347,3.771,20541
1001.347,3.771,20550
1001.347,3.771,20559
1001.347,3.771,20568
998.9058,3.771,20577
1001.347,3.771,20586
1001.347,3.771,20595
1001.347,3.771,20604
1001.347,3.771,20613
1001.958,3.771,20622
1001.347,3.771,20631
1001.347,3.771,20640
1001.347,3.771,20649
1000.737,3.771,20658
1001.347,3.771,20667
1001.958,3.771,20676
1002.568,3.771,20685
1001.347,3.771,20694
1001.958,3.771,20703
1001.347,3.771,20712
1000.737,3.771,20721
1000.737,3.771,20730
1001.042,3.771,20739
1001.347,3.771,20748
1001.347,3.771,20757
1001.347,3.771,20766
1001.347,3.771,20775
1001.347,3.771,20784
1001.347,3.771,20793
1001.347,3.771,20802
1001.347,3.771,20811
1001.347,3.771,20820
1001.347,3.771,20829
1001.347,3.771,20838
1002.568,3.771,20847
1002.873,3.771,20856
1001.958,3.771,20865
1001.347,3.771,20874
1000.737,3.771,20883
1000.737,3.771,20892
1000.737,3.771,20901
1001.347,3.771,20910
1001.347,3.771,20919
1001.347,3.771,20928
1001.347,3.771,20937
1001.347,3.771,20946
1001.347,3.771,20955
1001.347,3.771,20964
1001.347,3.771,20973
1001.347,3.771,20982
1001.347,3.771,20991
1001.347,3.771,21000
1001.347,3.771,21009
1001.347,3.771,21018
1001.347,3.771,21027
1001.347,3.771,21036
1001.347,3.771,21045
1001.347,3.771,21054
1001.347,3.771,21063
1001.347,3.771,21072
1001.347,3.771,21081
1001.347,3.771,21090
1001.347,3.771,21099
1001.347,3.771,21108
1001.347,3.771,21117
1001.347,3.771,21126
1001.347,3.771,21135
1001.347,3.771,21144
1001.347,3.771,21153
1001.347,3.771,21162
1001.347,3.771,21171
1000.737,3.771,21180
998.9058,3.771,21189
1001.347,3.771,21198
1001.347,3.771,21207
1001.347,3.771,21216
1001.347,3.771,21225
1001.347,3.771,21234
1001.347,3.771,21243
1001.347,3.771,21252
1001.347,3.771,21261
1001.347,3.771,21270
1001.347,3.771,21279
1001.347,3.771,21288
1001.958,3.771,21297
1002.568,3.771,21306
998.9058,3.771,21315
1001.347,3.771,21324
1000.737,3.771,21333
1000.737,3.771,21342
1001.042,3.771,21351
1000.737,3.771,21360
1001.347,3.771,21369
1000.737,3.771,21378
1000.737,3.771,21387
1000.737,3.771,21396
1001.347,3.771,21405
1001.347,3.771,21414
1001.958,3.771,21423
1002.568,3.771,21432
1001.347,3.771,21441
1001.347,3.771,21450
1001.347,3.771,21459
1001.347,3.771,21468
1001.347,3.771,21477
1001.347,3.771,21486
1001.347,3.771,21495
1001.347,3.771,21504
1001.347,3.771,21513
998.9058,3.771,21522
998.9058,3.771,21531
1001.347,3.771,21540
1001.347,3.771,21549
1001.347,3.771,21558
1001.042,3.771,21567
1001.347,3.771,21576
1001.347,3.771,21585
1001.347,3.771,21594
1001.347,3.771,21603
1001.347,3.771,21612
1001.347,3.771,21621
1001.347,3.771,21630
1000.737,3.771,21639
1000.737,3.771,21648
998.9058,3.771,21657
1001.347,3.771,21666
1001.347,3.771,21675
1001.347,3.771,21684
1001.347,3.771,21693
1001.347,3.771,21702
1001.347,3.771,21711
998.9058,3.771,21720
1001.347,3.771,21729
1001.347,3.771,21738
1001.347,3.771,21747
1001.347,3.771,21756
1001.347,3.771,21765
1001.347,3.771,21774
1001.347,3.771,21783
1001.347,3.771,21792
998.9058,3.771,21801
1001.347,3.771,21810
1001.347,3.771,21819
1001.347,3.771,21828
1001.347,3.771,21837
1001.347,3.771,21846
1001.958,3.771,21855
1001.347,3.771,21864
1001.347,3.771,21873
1001.347,3.771,21882
1001.347,3.771,21891
1000.737,3.771,21900
998.9058,3.771,21909
1000.737,3.771,21918
998.9058,3.771,21927
1001.347,3.771,21936
1000.737,3.771,21945
1001.347,3.771,21954
1001.958,3.771,21963
1001.347,3.771,21972
1001.347,3.771,21981
1001.347,3.771,21990
1001.347,3.771,21999
1001.347,3.771,22008
1000.737,3.771,22017
1001.347,3.771,22026
1001.347,3.771,22035
1000.737,3.771,22044
998.9058,3.771,22053
1001.347,3.771,22062
998.9058,3.771,22071
1001.347,3.771,22080
1001.347,3.771,22089
1001.347,3.771,22098
1001.958,3.771,22107
1002.873,3.771,22116
1001.958,3.771,22125
1001.347,3.771,22134
1001.347,3.771,22143
1000.737,3.771,22152
1001.347,3.771,22161
1001.958,3.771,22170
1001.347,3.771,22179
1001.347,3.771,22188
1001.347,3.771,22197
1001.347,3.771,22206
1001.347,3.771,22215
1001.347,3.771,22224
998.9058,3.771,22233
1000.737,3.771,22242
1000.737,3.771,22251
1000.737,3.771,22260
1000.737,3.771,22269
1000.737,3.771,22278
1001.347,3.771,22287
998.9058,3.771,22296
1000.737,3.771,22305
1001.347,3.771,22314
998.9058,3.771,22323
998.9058,3.771,22332
998.9058,3.771,22341
1000.737,3.771,22350
998.9058,3.771,22359
1000.737,3.771,22368
1000.737,3.771,22377
1001.347,3.771,22386
1001.347,3.771,22395
1000.737,3.771,22404
998.9058,3.771,22413
1001.347,3.771,22422
1001.347,3.771,22431
1001.347,3.771,22440
1001.347,3.771,22449
1000.737,3.771,22458
1000.737,3.771,22467
998.9058,3.771,22476
1000.737,3.771,22485
1000.737,3.771,22494
1000.737,3.771,22503
1001.347,3.771,22512
1001.347,3.771,22521
1001.347,3.771,22530
1001.347,3.771,22539
1001.958,3.771,22548
1001.347,3.771,22557
1001.347,3.771,22566
1001.347,3.771,22575
1000.737,3.771,22584
1000.737,3.771,22593
1001.347,3.771,22602
1000.737,3.771,22611
1000.737,3.771,22620
998.9058,3.771,22629
998.9058,3.771,22638
998.9058,3.771,22647
998.9058,3.771,22656
998.9058,3.771,22665
998.9058,3.771,22674
998.9058,3.771,22683
998.9058,3.771,22692
998.6006,3.771,22701
1000.737,3.771,22710
1001.347,3.771,22719
1001.347,3.771,22728
1001.347,3.771,22737
1001.347,3.771,22746
1000.737,3.771,22755
1001.347,3.771,22764
1001.347,3.771,22773
1001.347,3.771,22782
1001.347,3.771,22791
1000.737,3.771,22800
1000.737,3.771,22809
1001.347,3.771,22818
1000.737,3.771,22827
998.9058,3.771,22836
1001.347,3.771,22845
1001.347,3.771,22854
1001.347,3.771,22863
1001.347,3.771,22872
1001.347,3.771,22881
1001.347,3.771,22890
1001.347,3.771,22899
1000.737,3.771,22908
1001.042,3.771,22917
1001.347,3.771,22926
1001.347,3.771,22935
1001.347,3.771,22944
1001.347,3.771,22953
1001.347,3.771,22962
1001.347,3.771,22971
1001.347,3.771,22980
998.9058,3.771,22989
1001.347,3.771,22998
1001.347,3.771,23007
1000.737,3.771,23016
1000.737,3.771,23025
1001.347,3.771,23034
1000.737,3.771,23043
1000.737,3.771,23052
1001.347,3.771,23061
998.9058,3.771,23070
998.9058,3.771,23079
998.9058,3.771,23088
1000.737,3.771,23097
1000.737,3.771,23106
998.9058,3.771,23115
1001.347,3.771,23124
998.9058,3.771,23133
1000.737,3.771,23142
998.9058,3.771,23151
998.9058,3.771,23160
1001.347,3.771,23169
1001.347,3.771,23178
1001.347,3.771,23187
1001.347,3.771,23196
1000.737,3.771,23205
1001.347,3.771,23214
998.9058,3.771,23223
1001.347,3.771,23232
1001.347,3.771,23241
1000.737,3.771,23250
1000.737,3.771,23259
1000.737,3.771,23268
1000.737,3.771,23277
998.9058,3.771,23286
1000.737,3.771,23295
1001.347,3.771,23304
1000.737,3.771,23313
1001.347,3.771,23322
1001.347,3.771,23331
1001.347,3.771,23340
1000.737,3.771,23349
1000.737,3.771,23358
1000.737,3.771,23367
1000.737,3.771,23376
1000.737,3.771,23385
1000.737,3.771,23394
1001.042,3.771,23403
998.9058,3.771,23412
998.9058,3.771,23421
998.9058,3.771,23430
998.9058,3.771,23439
998.9058,3.771,23448
998.9058,3.771,23457
998.9058,3.771,23466
998.9058,3.771,23475
998.9058,3.771,23484
998.9058,3.771,23493
998.9058,3.771,23502
998.9058,3.771,23511
998.9058,3.771,23520
1000.737,3.771,23529
1000.737,3.771,23538
1001.347,3.771,23547
1001.347,3.771,23556
1001.347,3.771,23565
1001.347,3.771,23574
1001.042,3.771,23583
1000.737,3.771,23592
998.9058,3.771,23601
998.9058,3.771,23610
998.9058,3.771,23619
998.9058,3.771,23628
998.9058,3.771,23637
1000.737,3.771,23646
1000.737,3.771,23655
1001.347,3.771,23664
1000.737,3.771,23673
998.9058,3.771,23682
998.9058,3.771,23691
998.9058,3.771,23700
1000.737,3.771,23709
1000.737,3.771,23718
1000.737,3.771,23727
998.9058,3.771,23736
998.9058,3.771,23745
998.9058,3.771,23754
1000.737,3.771,23763
998.9058,3.771,23772
1000.737,3.771,23781
1000.737,3.771,23790
1001.347,3.771,23799
1001.347,3.771,23808
1001.347,3.771,23817
1000.737,3.771,23826
1001.347,3.771,23835
1001.347,3.771,23844
1000.737,3.771,23853
998.9058,3.771,23862
998.9058,3.771,23871
1000.737,3.771,23880
998.9058,3.771,23889
1000.737,3.771,23898
1000.737,3.771,23907
1000.737,3.771,23916
1000.737,3.771,23925
998.9058,3.771,23934
998.9058,3.771,23943
998.9058,3.771,23952
998.9058,3.771,23961
998.9058,3.771,23970
998.9058,3.771,23979
998.9058,3.771,23988
998.9058,3.771,23997
998.9058,3.771,24006
1000.737,3.771,24015
998.9058,3.771,24024
1000.737,3.771,24033
1000.737,3.771,24042
1001.347,3.771,24051
1001.347,3.771,24060
1000.737,3.771,24069
1000.737,3.771,24078
1001.042,3.771,24087
1001.347,3.771,24096
1001.347,3.771,24105
1000.737,3.771,24114
998.9058,3.771,24123
998.9058,3.771,24132
998.9058,3.771,24141
998.9058,3.771,24150
998.9058,3.771,24159
998.9058,3.771,24168
1000.737,3.771,24177
1001.347,3.771,24186
1001.347,3.771,24195
1000.737,3.771,24204
1000.737,3.771,24213
1000.737,3.771,24222
1001.347,3.771,24231
1000.737,3.771,24240
998.9058,3.771,24249
998.9058,3.771,24258
998.9058,3.771,24267
998.9058,3.771,24276
998.9058,3.771,24285
1000.737,3.771,24294
1001.347,3.771,24303
1001.347,3.771,24312
1000.737,3.771,24321
1000.737,3.771,24330
998.9058,3.771,24339
998.9058,3.771,24348
1000.737,3.771,24357
998.9058,3.771,24366
998.9058,3.771,24375
998.9058,3.771,24384
998.9058,3.771,24393
998.9058,3.771,24402
998.9058,3.771,24411
998.9058,3.771,24420
998.9058,3.771,24429
998.9058,3.771,24438
998.9058,3.771,24447
998.9058,3.771,24456
1000.737,3.771,24465
998.9058,3.771,24474
998.9058,3.771,24483
998.9058,3.771,24492
1000.737,3.771,24501
1000.737,3.771,24510
998.9058,3.771,24519
1000.737,3.771,24528
1000.737,3.771,24537
1000.737,3.771,24546
998.9058,3.771,24555
998.9058,3.771,24564
998.9058,3.771,24573
998.9058,3.771,24582
998.9058,3.771,24591
998.9058,3.771,24600
998.9058,3.771,24609
998.9058,3.771,24618
998.9058,3.771,24627
998.9058,3.771,24636
998.9058,3.771,24645
1000.737,3.771,24654
998.9058,3.771,24663
998.9058,3.771,24672
998.9058,3.771,24681
998.9058,3.771,24690
998.9058,3.771,24699
1000.737,3.771,24708
1000.737,3.771,24717
998.9058,3.771,24726
998.9058,3.771,24735
998.9058,3.771,24744
998.2954,3.771,24753
998.9058,3.771,24762
998.9058,3.771,24771
998.9058,3.771,24780
998.9058,3.771,24789
998.9058,3.771,24798
998.9058,3.771,24807
998.9058,3.771,24816
1000.737,3.771,24825
998.9058,3.771,24834
998.9058,3.771,24843
998.9058,3.771,24852
998.9058,3.771,24861
998.9058,3.771,24870
998.9058,3.771,24879
998.9058,3.771,24888
998.9058,3.771,24897
998.9058,3.771,24906
998.9058,3.771,24915
998.9058,3.771,24924
998.9058,3.771,24933
998.9058,3.771,24942
1000.737,3.771,24951
1000.737,3.771,24960
1001.347,3.771,24969
1001.347,3.771,24978
1000.737,3.771,24987
1001.347,3.771,24996
998.9058,3.771,25005
998.9058,3.771,25014
998.9058,3.771,25023
1000.737,3.771,25032
1001.347,3.771,25041
1000.737,3.771,25050
1001.347,3.771,25059
1000.737,3.771,25068
1000.737,3.771,25077
1000.737,3.771,25086
1000.737,3.771,25095
998.9058,3.771,25104
1000.737,3.771,25113
1000.737,3.771,25122
1000.737,3.771,25131
998.9058,3.771,25140
1000.737,3.771,25149
1000.432,3.771,25158
998.9058,3.771,25167
998.9058,3.771,25176
998.9058,3.771,25185
998.9058,3.771,25194
998.9058,3.771,25203
998.9058,3.771,25212
998.9058,3.771,25221
998.9058,3.771,25230
1000.737,3.771,25239
998.9058,3.771,25248
998.9058,3.771,25257
998.9058,3.771,25266
998.9058,3.771,25275
998.9058,3.771,25284
998.9058,3.771,25293
998.9058,3.771,25302
998.9058,3.771,25311
998.9058,3.771,25320
998.9058,3.771,25329
998.9058,3.771,25338
998.9058,3.771,25347
998.6006,3.771,25356
998.9058,3.771,25365
998.9058,3.771,25374
998.9058,3.771,25383
998.9058,3.771,25392
998.9058,3.771,25401
998.9058,3.771,25410
998.9058,3.771,25419
998.9058,3.771,25428
998.9058,3.771,25437
1000.737,3.771,25446
1000.737,3.771,25455
998.9058,3.771,25464
998.9058,3.771,25473
998.9058,3.771,25482
998.9058,3.771,25491
998.9058,3.771,25500
998.9058,3.771,25509
998.9058,3.771,25518
998.9058,3.771,25527
998.9058,3.771,25536
998.9058,3.771,25545
998.9058,3.771,25554
998.9058,3.771,25563
998.9058,3.771,25572
998.9058,3.771,25581
998.9058,3.771,25590
998.9058,3.771,25599
998.9058,3.771,25608
998.9058,3.771,25617
998.9058,3.771,25626
998.9058,3.771,25635
998.9058,3.771,25644
998.9058,3.771,25653
998.9058,3.771,25662
998.9058,3.771,25671
998.9058,3.771,25680
998.9058,3.771,25689
998.9058,3.771,25698
998.9058,3.771,25707
998.9058,3.771,25716
1000.737,3.771,25725
1001.347,3.771,25734
998.9058,3.771,25743
998.9058,3.771,25752
998.9058,3.771,25761
998.9058,3.771,25770
998.9058,3.771,25779
998.9058,3.771,25788
998.9058,3.771,25797
1000.737,3.771,25806
998.9058,3.771,25815
998.9058,3.771,25824
998.9058,3.771,25833
998.9058,3.771,25842
998.9058,3.771,25851
998.9058,3.771,25860
998.9058,3.771,25869
998.9058,3.771,25878
998.9058,3.771,25887
998.9058,3.771,25896
998.9058,3.771,25905
998.9058,3.771,25914
998.9058,3.771,25923
998.9058,3.771,25932
998.9058,3.771,25941
998.9058,3.771,25950
998.9058,3.771,25959
998.9058,3.771,25968
998.9058,3.771,25977
1000.737,3.771,25986
1001.347,3.771,25995
1000.737,3.771,26004
998.9058,3.771,26013
998.9058,3.771,26022
998.9058,3.771,26031
998.9058,3.771,26040
998.9058,3.771,26049
998.9058,3.771,26058
998.9058,3.771,26067
998.9058,3.771,26076
998.9058,3.771,26085
998.9058,3.771,26094
998.9058,3.771,26103
998.9058,3.771,26112
998.9058,3.771,26121
998.9058,3.771,26130
998.9058,3.771,26139
998.9058,3.771,26148
998.9058,3.771,26157
998.9058,3.771,26166
998.9058,3.771,26175
998.9058,3.771,26184
998.9058,3.771,26193
998.6006,3.771,26202
998.9058,3.771,26211
998.9058,3.771,26220
998.9058,3.771,26229
998.9058,3.771,26238
998.9058,3.771,26247
998.9058,3.771,26256
998.9058,3.771,26265
998.9058,3.771,26274
998.9058,3.771,26283
998.9058,3.771,26292
998.9058,3.771,26301
998.9058,3.771,26310
998.9058,3.771,26319
998.9058,3.771,26328
998.9058,3.771,26337
998.9058,3.771,26346
998.9058,3.771,26355
1000.737,3.771,26364
998.9058,3.771,26373
998.9058,3.771,26382
998.9058,3.771,26391
998.9058,3.771,26400
998.9058,3.771,26409
998.9058,3.771,26418
998.9058,3.771,26427
998.9058,3.771,26436
998.9058,3.771,26445
998.9058,3.771,26454
998.9058,3.771,26463
998.9058,3.771,26472
998.9058,3.771,26481
998.9058,3.771,26490
998.9058,3.771,26499
998.9058,3.771,26508
998.9058,3.771,26517
998.2954,3.771,26526
998.9058,3.771,26535
998.9058,3.771,26544
998.9058,3.771,26553
998.9058,3.771,26562
998.9058,3.771,26571
998.9058,3.771,26580
998.9058,3.771,26589
998.9058,3.771,26598
998.9058,3.771,26607
998.9058,3.771,26616
998.9058,3.771,26625
998.9058,3.771,26634
998.9058,3.771,26643
998.9058,3.771,26652
998.9058,3.771,26661
998.9058,3.771,26670
998.9058,3.771,26679
998.9058,3.771,26688
998.9058,3.771,26697
998.9058,3.771,26706
998.2954,3.771,26715
998.9058,3.771,26724
997.0747,3.771,26733
998.9058,3.771,26742
998.2954,3.771,26751
998.9058,3.771,26760
998.9058,3.771,26769
998.9058,3.771,26778
998.9058,3.771,26787
998.9058,3.771,26796
998.9058,3.771,26805
998.9058,3.771,26814
998.9058,3.771,26823
998.9058,3.771,26832
1000.737,3.771,26841
998.9058,3.771,26850
1000.737,3.771,26859
1001.347,3.771,26868
998.9058,3.771,26877
998.9058,3.771,26886
998.9058,3.771,26895
998.9058,3.771,26904
998.9058,3.771,26913
998.9058,3.771,26922
998.9058,3.771,26931
998.9058,3.771,26940
998.9058,3.771,26949
998.9058,3.771,26958
998.9058,3.771,26967
998.9058,3.771,26976
998.9058,3.771,26985
1000.432,3.771,26994
998.9058,3.771,27003
998.9058,3.771,27012
998.9058,3.771,27021
998.9058,3.771,27030
998.9058,3.771,27039
998.9058,3.771,27048
998.9058,3.771,27057
998.9058,3.771,27066
998.9058,3.771,27075
998.9058,3.771,27084
998.9058,3.771,27093
998.9058,3.771,27102
998.9058,3.771,27111
998.9058,3.771,27120
998.9058,3.771,27129
998.9058,3.771,27138
998.9058,3.771,27147
998.9058,3.771,27156
998.9058,3.771,27165
998.9058,3.771,27174
998.9058,3.771,27183
998.9058,3.771,27192
998.9058,3.771,27201
1000.737,3.771,27210
998.9058,3.771,27219
998.9058,3.771,27228
998.9058,3.771,27237
998.9058,3.771,27246
998.9058,3.771,27255
998.9058,3.771,27264
998.9058,3.771,27273
998.9058,3.771,27282
998.9058,3.771,27291
998.9058,3.771,27300
998.9058,3.771,27309
998.9058,3.771,27318
998.9058,3.771,27327
998.9058,3.771,27336
998.9058,3.771,27345
998.9058,3.771,27354
998.9058,3.771,27363
998.9058,3.771,27372
998.9058,3.771,27381
998.9058,3.771,27390
998.9058,3.771,27399
998.9058,3.771,27408
998.9058,3.771,27417
998.9058,3.771,27426
998.9058,3.771,27435
998.9058,3.771,27444
998.9058,3.771,27453
998.9058,3.771,27462
998.9058,3.771,27471
998.9058,3.771,27480
998.9058,3.771,27489
998.9058,3.771,27498
998.9058,3.771,27507
998.9058,3.771,27516
998.9058,3.771,27525
998.9058,3.771,27534
998.9058,3.771,27543
998.9058,3.771,27552
998.9058,3.771,27561
998.9058,3.771,27570
998.9058,3.771,27579
998.9058,3.771,27588
998.9058,3.771,27597
998.9058,3.771,27606
998.9058,3.771,27615
998.9058,3.771,27624
998.9058,3.771,27633
997.9902,3.771,27642
998.2954,3.771,27651
998.2954,3.771,27660
998.9058,3.771,27669
998.6006,3.771,27678
998.9058,3.771,27687
998.9058,3.771,27696
998.9058,3.771,27705
998.9058,3.771,27714
998.9058,3.771,27723
998.9058,3.771,27732
998.9058,3.771,27741
998.9058,3.771,27750
998.9058,3.771,27759
998.2954,3.771,27768
997.9902,3.771,27777
998.9058,3.771,27786
998.9058,3.771,27795
998.9058,3.771,27804
998.9058,3.771,27813
998.9058,3.771,27822
998.9058,3.771,27831
998.9058,3.771,27840
998.9058,3.771,27849
998.6006,3.771,27858
998.9058,3.771,27867
998.2954,3.771,27876
997.9902,3.771,27885
998.2954,3.771,27894
997.9902,3.771,27903
998.2954,3.771,27912
998.6006,3.771,27921
998.9058,3.771,27930
998.9058,3.771,27939
997.9902,3.771,27948
997.0747,3.771,27957
998.9058,3.771,27966
997.6851,3.771,27975
998.2954,3.771,27984
998.9058,3.771,27993
998.9058,3.771,28002
998.9058,3.771,28011
998.9058,3.771,28020
998.9058,3.771,28029
998.2954,3.771,28038
998.9058,3.771,28047
998.9058,3.771,28056
998.9058,3.771,28065
998.9058,3.771,28074
998.9058,3.771,28083
998.9058,3.771,28092
998.9058,3.771,28101
998.9058,3.771,28110
998.9058,3.771,28119
998.9058,3.771,28128
998.9058,3.771,28137
998.9058,3.771,28146
998.9058,3.771,28155
998.9058,3.771,28164
998.9058,3.771,28173
998.9058,3.771,28182
998.9058,3.771,28191
998.9058,3.771,28200
998.9058,3.771,28209
998.9058,3.771,28218
998.9058,3.771,28227
998.9058,3.771,28236
998.9058,3.771,28245
998.9058,3.771,28254
998.9058,3.771,28263
998.9058,3.771,28272
998.9058,3.771,28281
998.2954,3.771,28290
998.9058,3.771,28299
998.9058,3.771,28308
998.9058,3.771,28317
998.9058,3.771,28326
998.9058,3.771,28335
998.9058,3.771,28344
998.9058,3.771,28353
998.9058,3.771,28362
998.9058,3.771,28371
998.9058,3.771,28380
998.9058,3.771,28389
998.9058,3.771,28398
998.9058,3.771,28407
998.9058,3.771,28416
998.9058,3.771,28425
998.9058,3.771,28434
998.9058,3.771,28443
998.9058,3.771,28452
998.9058,3.771,28461
998.9058,3.771,28470
1000.737,3.771,28479
998.9058,3.771,28488
998.9058,3.771,28497
998.9058,3.771,28506
998.9058,3.771,28515
998.9058,3.771,28524
998.9058,3.771,28533
998.2954,3.771,28542
998.9058,3.771,28551
998.9058,3.771,28560
998.9058,3.771,28569
998.9058,3.771,28578
998.9058,3.771,28587
998.9058,3.771,28596
998.9058,3.771,28605
998.9058,3.771,28614
998.9058,3.771,28623
998.9058,3.771,28632
998.2954,3.771,28641
998.9058,3.771,28650
997.9902,3.771,28659
998.2954,3.771,28668
997.6851,3.771,28677
998.6006,3.771,28686
998.2954,3.771,28695
998.9058,3.771,28704
998.9058,3.771,28713
998.9058,3.771,28722
997.9902,3.771,28731
998.9058,3.771,28740
998.9058,3.771,28749
998.9058,3.771,28758
998.9058,3.771,28767
998.9058,3.771,28776
998.9058,3.771,28785
998.9058,3.771,28794
998.9058,3.771,28803
998.9058,3.771,28812
998.9058,3.771,28821
998.2954,3.771,28830
998.9058,3.771,28839
998.9058,3.771,28848
998.2954,3.771,28857
998.2954,3.771,28866
997.6851,3.771,28875
998.2954,3.771,28884
998.2954,3.771,28893
998.2954,3.771,28902
998.9058,3.771,28911
998.2954,3.771,28920
998.9058,3.771,28929
998.9058,3.771,28938
998.9058,3.771,28947
998.6006,3.771,28956
998.9058,3.771,28965
998.9058,3.771,28974
998.9058,3.771,28983
998.9058,3.771,28992
998.9058,3.771,29001
998.9058,3.771,29010
998.9058,3.771,29019
998.9058,3.771,29028
998.2954,3.771,29037
998.6006,3.771,29046
998.2954,3.771,29055
998.9058,3.771,29064
998.9058,3.771,29073
998.9058,3.771,29082
998.9058,3.771,29091
998.9058,3.771,29100
998.9058,3.771,29109
998.9058,3.771,29118
998.9058,3.771,29127
998.9058,3.771,29136
998.9058,3.771,29145
998.2954,3.771,29154
998.9058,3.771,29163
998.9058,3.771,29172
998.9058,3.771,29181
998.9058,3.771,29190
998.9058,3.771,29199
998.9058,3.771,29208
998.9058,3.771,29217
998.9058,3.771,29226
998.9058,3.771,29235
998.9058,3.771,29244
998.9058,3.771,29253
998.9058,3.771,29262
998.2954,3.771,29271
998.2954,3.771,29280
998.2954,3.771,29289
998.2954,3.771,29298
998.9058,3.771,29307
998.2954,3.771,29316
998.9058,3.771,29325
998.9058,3.771,29334
998.9058,3.771,29343
998.9058,3.771,29352
998.9058,3.771,29361
998.9058,3.771,29370
998.9058,3.771,29379
998.9058,3.771,29388
998.9058,3.771,29397
998.9058,3.771,29406
998.9058,3.771,29415
998.9058,3.771,29424
998.9058,3.771,29433
998.9058,3.771,29442
998.9058,3.771,29451
998.9058,3.771,29460
998.9058,3.771,29469
998.9058,3.771,29478
998.6006,3.771,29487
998.2954,3.771,29496
998.9058,3.771,29505
998.2954,3.771,29514
998.2954,3.771,29523
997.9902,3.771,29532
998.9058,3.771,29541
998.9058,3.771,29550
998.9058,3.771,29559
998.9058,3.771,29568
998.9058,3.771,29577
998.9058,3.771,29586
998.9058,3.771,29595
998.9058,3.771,29604
998.9058,3.771,29613
998.9058,3.771,29622
998.9058,3.771,29631
998.9058,3.771,29640
998.9058,3.771,29649
998.9058,3.771,29658
998.9058,3.771,29667
998.9058,3.771,29676
998.9058,3.771,29685
998.9058,3.771,29694
998.9058,3.771,29703
998.9058,3.771,29712
998.9058,3.771,29721
998.2954,3.771,29730
998.9058,3.771,29739
998.9058,3.771,29748
998.9058,3.771,29757
998.9058,3.771,29766
998.9058,3.771,29775
998.9058,3.771,29784
998.9058,3.771,29793
998.9058,3.771,29802
998.9058,3.771,29811
998.9058,3.771,29820
998.2954,3.771,29829
998.2954,3.771,29838
998.2954,3.771,29847
998.2954,3.771,29856
998.2954,3.771,29865
998.9058,3.771,29874
997.9902,3.771,29883
997.9902,3.771,29892
998.6006,3.771,29901
998.9058,3.771,29910
998.2954,3.771,29919
998.2954,3.771,29928
998.2954,3.771,29937
998.2954,3.771,29946
998.2954,3.771,29955
998.9058,3.771,29964
998.9058,3.771,29973
998.9058,3.771,29982
998.9058,3.771,29991
998.9058,3.771,30000
998.9058,3.771,30009
998.9058,3.771,30018
998.9058,3.771,30027
998.9058,3.771,30036
998.9058,3.771,30045
998.2954,3.771,30054
998.9058,3.771,30063
997.9902,3.771,30072
998.9058,3.771,30081
998.6006,3.771,30090
998.9058,3.771,30099
998.9058,3.771,30108
998.9058,3.771,30117
998.9058,3.771,30126
998.9058,3.771,30135
998.9058,3.771,30144
998.9058,3.771,30153
998.9058,3.771,30162
998.9058,3.771,30171
998.9058,3.771,30180
998.9058,3.771,30189
998.9058,3.771,30198
998.9058,3.771,30207
998.9058,3.771,30216
998.9058,3.771,30225
998.9058,3.771,30234
998.9058,3.771,30243
998.9058,3.771,30252
998.9058,3.771,30261
998.2954,3.771,30270
997.9902,3.771,30279
997.6851,3.771,30288
998.2954,3.771,30297
998.2954,3.771,30306
998.2954,3.771,30315
998.9058,3.771,30324
998.9058,3.771,30333
997.9902,3.771,30342
997.6851,3.771,30351
998.2954,3.771,30360
998.2954,3.771,30369
998.9058,3.771,30378
998.6006,3.771,30387
998.9058,3.771,30396
998.9058,3.771,30405
998.9058,3.771,30414
998.2954,3.771,30423
998.2954,3.771,30432
997.0747,3.771,30441
997.9902,3.771,30450
998.9058,3.771,30459
998.9058,3.771,30468
998.9058,3.771,30477
998.9058,3.771,30486
998.9058,3.771,30495
998.9058,3.771,30504
998.9058,3.771,30513
998.9058,3.771,30522
998.9058,3.771,30531
998.9058,3.771,30540
998.9058,3.771,30549
998.9058,3.771,30558
998.9058,3.771,30567
998.9058,3.771,30576
998.9058,3.771,30585
998.9058,3.771,30594
998.2954,3.771,30603
998.9058,3.771,30612
998.9058,3.771,30621
998.2954,3.771,30630
998.9058,3.771,30639
998.9058,3.771,30648
998.6006,3.771,30657
998.6006,3.771,30666
998.9058,3.771,30675
998.9058,3.771,30684
998.9058,3.771,30693
998.6006,3.771,30702
998.2954,3.771,30711
998.9058,3.771,30720
998.9058,3.771,30729
998.9058,3.771,30738
998.9058,3.771,30747
998.9058,3.771,30756
998.9058,3.771,30765
998.9058,3.771,30774
998.9058,3.771,30783
998.9058,3.771,30792
998.9058,3.771,30801
998.9058,3.771,30810
998.9058,3.771,30819
998.9058,3.771,30828
998.9058,3.771,30837
998.9058,3.771,30846
998.9058,3.771,30855
998.9058,3.771,30864
998.9058,3.771,30873
998.9058,3.771,30882
998.9058,3.771,30891
998.9058,3.771,30900
998.9058,3.771,30909
998.9058,3.771,30918
998.9058,3.771,30927
997.0747,3.771,30936
998.2954,3.771,30945
997.9902,3.771,30954
998.2954,3.771,30963
998.2954,3.771,30972
998.9058,3.771,30981
998.9058,3.771,30990
998.2954,3.771,30999
998.9058,3.771,31008
998.2954,3.771,31017
998.2954,3.771,31026
998.9058,3.771,31035
998.9058,3.771,31044
998.9058,3.771,31053
998.9058,3.771,31062
998.9058,3.771,31071
998.9058,3.771,31080
998.9058,3.771,31089
998.9058,3.771,31098
998.9058,3.771,31107
998.9058,3.771,31116
998.9058,3.771,31125
998.9058,3.771,31134
998.9058,3.771,31143
998.9058,3.771,31152
998.9058,3.771,31161
998.9058,3.771,31170
998.9058,3.771,31179
1000.737,3.771,31188
998.9058,3.771,31197
1000.737,3.771,31206
998.9058,3.771,31215
998.9058,3.771,31224
998.9058,3.771,31233
998.9058,3.771,31242
998.6006,3.771,31251
998.2954,3.771,31260
998.2954,3.771,31269
998.9058,3.771,31278
998.9058,3.771,31287
998.9058,3.771,31296
998.9058,3.771,31305
998.9058,3.771,31314
998.9058,3.771,31323
998.9058,3.771,31332
998.9058,3.771,31341
998.9058,3.771,31350
998.9058,3.771,31359
996.4644,3.771,31368
998.2954,3.771,31377
997.9902,3.771,31386
998.9058,3.771,31395
998.9058,3.771,31404
998.2954,3.771,31413
997.9902,3.771,31422
998.2954,3.771,31431
998.2954,3.771,31440
998.9058,3.771,31449
998.2954,3.771,31458
998.2954,3.771,31467
998.2954,3.771,31476
998.9058,3.771,31485
998.2954,3.771,31494
998.9058,3.771,31503
998.9058,3.771,31512
998.9058,3.771,31521
998.9058,3.771,31530
998.6006,3.771,31539
998.2954,3.771,31548
998.2954,3.771,31557
998.2954,3.771,31566
998.9058,3.771,31575
998.9058,3.771,31584
998.6006,3.771,31593
997.9902,3.771,31602
997.9902,3.771,31611
997.9902,3.771,31620
997.9902,3.771,31629
997.9902,3.771,31638
997.0747,3.771,31647
997.6851,3.771,31656
998.9058,3.771,31665
998.9058,3.771,31674
998.9058,3.771,31683
998.9058,3.771,31692
998.9058,3.771,31701
998.9058,3.771,31710
998.9058,3.771,31719
998.9058,3.771,31728
998.9058,3.771,31737
998.9058,3.771,31746
998.2954,3.771,31755
997.0747,3.771,31764
996.4644,3.771,31773
996.4644,3.771,31782
994.0229,3.771,31791
994.0229,3.771,31800
994.0229,3.771,31809
994.0229,3.771,31818
994.0229,3.771,31827
993.4126,3.771,31836
991.5815,3.771,31845
991.5815,3.771,31854
989.1401,3.771,31863
990.9712,3.771,31872
989.1401,3.771,31881
988.5298,3.771,31890
989.1401,3.771,31899
988.5298,3.771,31908
986.6987,3.771,31917
986.6987,3.771,31926
984.2573,3.771,31935
984.2573,3.771,31944
984.2573,3.771,31953
984.2573,3.771,31962
984.2573,3.771,31971
983.9521,3.771,31980
981.8159,3.771,31989
981.8159,3.771,31998
979.3745,3.771,32007
979.3745,3.771,32016
978.459,3.771,32025
976.9331,3.771,32034
976.9331,3.771,32043
976.9331,3.771,32052
976.3228,3.771,32061
974.4917,3.771,32070
974.4917,3.771,32079
974.4917,3.771,32088
973.271,3.771,32097
974.4917,3.771,32106
974.4917,3.771,32115
973.5762,3.762,32124
972.0503,3.762,32133
971.4399,3.762,32142
969.6089,3.762,32151
969.6089,3.762,32160
968.9985,3.762,32169
967.1675,3.762,32178
967.1675,3.762,32187
964.7261,3.762,32196
964.7261,3.762,32205
964.4209,3.762,32214
964.7261,3.762,32223
964.7261,3.762,32232
964.4209,3.762,32241
963.8105,3.762,32250
962.2847,3.762,32259
961.6743,3.762,32268
959.8433,3.762,32277
957.4019,3.762,32286
954.9604,3.762,32295
954.9604,3.762,32304
953.7397,3.762,32313
954.0449,3.762,32322
953.1294,3.762,32331
952.519,3.762,32340
952.519,3.762,32349
952.519,3.762,32358
952.519,3.762,32367
951.9087,3.762,32376
951.6035,3.762,32385
950.0776,3.762,32394
949.1621,3.762,32403
947.6362,3.762,32412
947.0259,3.762,32421
945.1948,3.762,32430
944.8896,3.762,32439
942.7534,3.762,32448
942.7534,3.762,32457
940.312,3.762,32466
940.312,3.762,32475
940.312,3.762,32484
940.312,3.762,32493
940.312,3.762,32502
940.312,3.762,32511
940.0068,3.762,32520
937.8706,3.762,32529
937.8706,3.762,32538
937.8706,3.762,32547
937.2603,3.762,32556
935.4292,3.762,32565
935.4292,3.762,32574
934.5137,3.762,32583
932.9878,3.762,32592
930.5464,3.762,32601
932.6826,3.762,32610
932.3774,3.762,32619
930.5464,3.762,32628
929.936,3.762,32637
928.105,3.762,32646
927.4946,3.762,32655
925.6636,3.762,32664
925.6636,3.762,32673
925.6636,3.762,32682
925.0532,3.762,32691
924.748,3.762,32700
923.2222,3.762,32709
923.2222,3.762,32718
923.2222,3.762,32727
920.7808,3.762,32736
920.1704,3.762,32745
919.5601,3.762,32754
918.3394,3.762,32763
915.8979,3.762,32772
915.2876,3.762,32781
915.8979,3.762,32790
915.8979,3.762,32799
915.8979,3.762,32808
915.2876,3.762,32817
915.2876,3.762,32826
914.0669,3.762,32835
913.4565,3.762,32844
911.0151,3.762,32853
908.5737,3.762,32862
906.1323,3.762,32871
905.2168,3.762,32880
903.6909,3.762,32889
903.6909,3.762,32898
901.2495,3.762,32907
901.2495,3.762,32916
901.2495,3.762,32925
901.2495,3.762,32934
901.2495,3.762,32943
901.2495,3.762,32952
901.2495,3.762,32961
898.8081,3.762,32970
900.334,3.762,32979
899.4185,3.762,32988
898.8081,3.762,32997
898.1978,3.762,33006
896.3667,3.762,33015
896.3667,3.762,33024
896.3667,3.762,33033
895.7563,3.762,33042
893.9253,3.762,33051
891.4839,3.762,33060
891.4839,3.762,33069
889.6528,3.762,33078
889.0425,3.762,33087
886.6011,3.762,33096
886.6011,3.762,33105
886.6011,3.762,33114
886.2959,3.762,33123
885.3804,3.762,33132
885.6855,3.762,33141
884.1597,3.762,33150
884.1597,3.762,33159
881.7183,3.762,33168
880.8027,3.762,33177
879.2769,3.762,33186
878.6665,3.762,33195
876.8354,3.762,33204
876.8354,3.762,33213
875.6147,3.762,33222
876.8354,3.762,33231
876.8354,3.762,33240
876.5303,3.762,33249
876.2251,3.762,33258
875.6147,3.762,33267
875.3096,3.762,33276
874.394,3.762,33285
873.4785,3.753,33294
871.9526,3.753,33303
871.6475,3.753,33312
869.5112,3.753,33321
867.0698,3.753,33330
866.1543,3.753,33339
864.6284,3.753,33348
862.187,3.753,33357
864.3232,3.753,33366
864.6284,3.753,33375
864.0181,3.753,33384
862.187,3.753,33393
862.187,3.753,33402
862.187,3.753,33411
861.2715,3.753,33420
859.7456,3.753,33429
859.4404,3.753,33438
857.3042,3.753,33447
856.6938,3.753,33456
856.6938,3.753,33465
856.0835,3.753,33474
854.8628,3.753,33483
853.9473,3.753,33492
852.4214,3.753,33501
852.1162,3.753,33510
849.98,3.753,33519
847.5386,3.753,33528
847.5386,3.753,33537
847.5386,3.753,33546
847.5386,3.753,33555
847.5386,3.753,33564
846.9282,3.753,33573
846.623,3.753,33582
845.0972,3.753,33591
842.6558,3.753,33600
842.6558,3.753,33609
840.8247,3.753,33618
840.2144,3.753,33627
840.2144,3.753,33636
837.7729,3.753,33645
837.7729,3.753,33654
837.7729,3.753,33663
836.8574,3.753,33672
837.7729,3.753,33681
837.4678,3.753,33690
837.1626,3.753,33699
836.5522,3.753,33708
835.3315,3.753,33717
834.7212,3.753,33726
832.8901,3.753,33735
831.0591,3.753,33744
829.8384,3.753,33753
828.0073,3.753,33762
828.0073,3.753,33771
827.0918,3.753,33780
826.1763,3.753,33789
827.0918,3.753,33798
826.1763,3.753,33807
825.5659,3.753,33816
826.1763,3.753,33825
825.5659,3.753,33834
824.9556,3.753,33843
823.1245,3.753,33852
822.209,3.753,33861
818.2417,3.753,33870
818.2417,3.753,33879
815.8003,3.753,33888
815.1899,3.753,33897
813.3589,3.753,33906
813.3589,3.753,33915
813.3589,3.753,33924
813.3589,3.753,33933
813.3589,3.753,33942
812.1382,3.753,33951
813.3589,3.753,33960
812.7485,3.753,33969
811.5278,3.753,33978
808.4761,3.753,33987
808.4761,3.753,33996
807.8657,3.753,34005
806.645,3.753,34014
806.0347,3.753,34023
805.7295,3.753,34032
805.4243,3.753,34041
805.4243,3.753,34050
803.5933,3.753,34059
803.5933,3.753,34068
802.3726,3.753,34077
798.7104,3.753,34086
798.7104,3.753,34095
798.7104,3.753,34104
798.7104,3.744,34113
798.7104,3.744,34122
797.4897,3.744,34131
795.6587,3.744,34140
793.8276,3.744,34149
793.8276,3.744,34158
793.2173,3.744,34167
793.2173,3.744,34176
792.6069,3.744,34185
791.3862,3.744,34194
791.3862,3.744,34203
790.7759,3.744,34212
788.9448,3.744,34221
788.9448,3.744,34230
788.0293,3.744,34239
786.5034,3.744,34248
786.5034,3.744,34257
784.062,3.744,34266
784.062,3.744,34275
784.062,3.744,34284
782.231,3.744,34293
781.6206,3.744,34302
779.1792,3.744,34311
779.1792,3.744,34320
779.1792,3.744,34329
778.2637,3.744,34338
777.9585,3.744,34347
776.7378,3.744,34356
776.7378,3.744,34365
774.2964,3.744,34374
774.2964,3.744,34383
774.2964,3.744,34392
771.855,3.744,34401
769.4136,3.744,34410
769.4136,3.744,34419
768.8032,3.744,34428
767.5825,3.744,34437
767.5825,3.744,34446
766.9722,3.744,34455
766.9722,3.744,34464
766.3618,3.744,34473
764.5308,3.744,34482
763.9204,3.744,34491
764.5308,3.744,34500
763.9204,3.744,34509
762.6997,3.744,34518
762.6997,3.744,34527
762.0894,3.744,34536
761.479,3.744,34545
759.6479,3.744,34554
757.8169,3.744,34563
757.2065,3.744,34572
757.2065,3.744,34581
754.7651,3.744,34590
754.7651,3.744,34599
754.7651,3.744,34608
754.1548,3.744,34617
753.5444,3.744,34626
751.7134,3.744,34635
751.7134,3.744,34644
749.8823,3.744,34653
748.9668,3.744,34662
744.9995,3.744,34671
744.9995,3.744,34680
744.9995,3.744,34689
744.9995,3.744,34698
744.3892,3.744,34707
744.084,3.744,34716
743.7788,3.744,34725
743.1685,3.744,34734
742.5581,3.744,34743
741.9478,3.744,34752
740.1167,3.744,34761
737.6753,3.744,34770
737.6753,3.744,34779
737.0649,3.744,34788
735.2339,3.744,34797
735.2339,3.744,34806
734.6235,3.744,34815
735.2339,3.744,34824
734.0132,3.744,34833
732.7925,3.744,34842
730.3511,3.744,34851
730.3511,3.744,34860
730.3511,3.744,34869
730.0459,3.744,34878
730.3511,3.744,34887
729.1304,3.744,34896
729.4355,3.744,34905
729.4355,3.744,34914
727.2993,3.744,34923
725.4683,3.744,34932
724.8579,3.744,34941
723.6372,3.744,34950
723.0269,3.735,34959
720.5854,3.735,34968
720.5854,3.735,34977
719.6699,3.735,34986
718.144,3.735,34995
718.144,3.735,35004
717.5337,3.735,35013
717.2285,3.735,35022
715.7026,3.735,35031
715.7026,3.735,35040
714.4819,3.735,35049
713.8716,3.735,35058
712.6509,3.735,35067
710.8198,3.735,35076
710.8198,3.735,35085
709.5991,3.735,35094
708.3784,3.735,35103
708.3784,3.735,35112
707.7681,3.735,35121
705.937,3.735,35130
705.937,3.735,35139
704.7163,3.735,35148
703.4956,3.735,35157
703.4956,3.735,35166
702.8853,3.735,35175
701.0542,3.735,35184
701.0542,3.735,35193
701.0542,3.735,35202
700.4438,3.735,35211
698.6128,3.735,35220
697.6973,3.735,35229
697.6973,3.735,35238
696.1714,3.735,35247
696.1714,3.735,35256
696.1714,3.735,35265
695.561,3.735,35274
694.3403,3.735,35283
693.73,3.735,35292
691.2886,3.735,35301
689.4575,3.735,35310
689.4575,3.735,35319
686.4058,3.735,35328
686.4058,3.735,35337
686.4058,3.735,35346
686.4058,3.735,35355
686.4058,3.735,35364
686.1006,3.735,35373
683.9644,3.735,35382
681.5229,3.735,35391
681.5229,3.735,35400
681.5229,3.735,35409
680.3022,3.735,35418
678.4712,3.735,35427
678.4712,3.735,35436
676.6401,3.735,35445
676.6401,3.735,35454
676.6401,3.735,35463
674.1987,3.735,35472
674.1987,3.735,35481
671.7573,3.735,35490
671.7573,3.735,35499
670.8418,3.735,35508
669.9263,3.735,35517
669.3159,3.735,35526
669.3159,3.735,35535
669.3159,3.735,35544
669.3159,3.735,35553
668.7056,3.735,35562
668.7056,3.735,35571
666.8745,3.735,35580
666.5693,3.735,35589
664.4331,3.735,35598
661.9917,3.735,35607
660.1606,3.735,35616
658.9399,3.735,35625
657.1089,3.735,35634
657.1089,3.735,35643
658.9399,3.735,35652
657.1089,3.735,35661
657.1089,3.735,35670
657.1089,3.735,35679
655.8882,3.735,35688
654.6675,3.735,35697
652.2261,3.735,35706
652.2261,3.735,35715
652.2261,3.735,35724
651.9209,3.735,35733
651.3105,3.735,35742
651.3105,3.735,35751
649.7847,3.735,35760
649.7847,3.735,35769
647.3433,3.726,35778
646.7329,3.726,35787
645.5122,3.726,35796
642.4604,3.726,35805
644.2915,3.726,35814
644.9019,3.726,35823
642.4604,3.726,35832
642.4604,3.726,35841
642.4604,3.726,35850
642.1553,3.726,35859
640.019,3.726,35868
637.5776,3.726,35877
637.5776,3.726,35886
637.2725,3.726,35895
636.9673,3.726,35904
636.6621,3.726,35913
635.1362,3.726,35922
634.2207,3.726,35931
635.1362,3.726,35940
632.6948,3.726,35949
631.7793,3.726,35958
631.7793,3.726,35967
630.2534,3.726,35976
627.812,3.726,35985
627.812,3.726,35994
627.2017,3.726,36003
626.8965,3.726,36012
625.981,3.726,36021
624.7603,3.726,36030
622.9292,3.726,36039
622.9292,3.726,36048
622.9292,3.726,36057
622.3188,3.726,36066
620.4878,3.726,36075
619.8774,3.726,36084
618.0464,3.726,36093
617.7412,3.726,36102
616.2153,3.726,36111
616.8257,3.726,36120
616.5205,3.726,36129
616.5205,3.726,36138
616.2153,3.726,36147
615.605,3.726,36156
614.9946,3.726,36165
613.1636,3.726,36174
613.1636,3.726,36183
612.248,3.726,36192
610.7222,3.726,36201
610.417,3.726,36210
608.2808,3.726,36219
608.2808,3.726,36228
608.2808,3.726,36237
606.4497,3.726,36246
605.229,3.726,36255
603.3979,3.726,36264
603.3979,3.726,36273
602.7876,3.726,36282
602.4824,3.726,36291
600.9565,3.726,36300
598.5151,3.726,36309
598.5151,3.726,36318
598.5151,3.726,36327
597.5996,3.726,36336
596.6841,3.726,36345
596.6841,3.726,36354
593.6323,3.726,36363
593.6323,3.726,36372
592.7168,3.726,36381
591.1909,3.726,36390
588.7495,3.726,36399
588.7495,3.726,36408
588.7495,3.726,36417
588.7495,3.726,36426
588.7495,3.726,36435
587.5288,3.726,36444
586.3081,3.726,36453
585.6978,3.726,36462
583.8667,3.726,36471
583.8667,3.726,36480
583.8667,3.726,36489
583.2563,3.726,36498
583.8667,3.726,36507
582.646,3.726,36516
580.8149,3.726,36525
577.7632,3.726,36534
576.5425,3.726,36543
575.9321,3.726,36552
574.1011,3.726,36561
574.1011,3.726,36570
574.1011,3.726,36579
574.1011,3.726,36588
573.4907,3.726,36597
573.1855,3.726,36606
571.6597,3.726,36615
573.4907,3.717,36624
572.5752,3.717,36633
571.6597,3.717,36642
569.2183,3.717,36651
568.6079,3.717,36660
566.7769,3.717,36669
564.3354,3.717,36678
564.3354,3.717,36687
564.3354,3.717,36696
564.3354,3.717,36705
564.3354,3.717,36714
564.3354,3.717,36723
563.4199,3.717,36732
563.1147,3.717,36741
561.894,3.717,36750
560.9785,3.717,36759
559.4526,3.717,36768
559.1475,3.717,36777
559.1475,3.717,36786
558.5371,3.717,36795
557.0112,3.717,36804
556.4009,3.717,36813
554.5698,3.717,36822
553.3491,3.717,36831
552.1284,3.717,36840
549.687,3.717,36849
549.687,3.717,36858
549.687,3.717,36867
549.687,3.717,36876
549.687,3.717,36885
549.0767,3.717,36894
548.7715,3.717,36903
547.2456,3.717,36912
544.8042,3.717,36921
544.8042,3.717,36930
543.8887,3.717,36939
542.3628,3.717,36948
542.3628,3.717,36957
542.0576,3.717,36966
541.7524,3.717,36975
539.9214,3.717,36984
539.0059,3.717,36993
537.48,3.717,37002
536.5645,3.717,37011
535.0386,3.717,37020
534.7334,3.717,37029
535.0386,3.717,37038
535.0386,3.717,37047
535.0386,3.717,37056
534.7334,3.717,37065
534.123,3.717,37074
534.123,3.717,37083
532.5972,3.717,37092
531.9868,3.717,37101
530.1558,3.717,37110
529.5454,3.717,37119
527.7144,3.717,37128
525.2729,3.717,37137
525.2729,3.717,37146
524.6626,3.717,37155
524.0522,3.717,37164
522.8315,3.717,37173
522.8315,3.717,37182
521.916,3.717,37191
520.3901,3.717,37200
520.3901,3.717,37209
520.3901,3.717,37218
519.4746,3.717,37227
519.1694,3.708,37236
515.5073,3.708,37245
515.5073,3.708,37254
513.0659,3.708,37263
513.0659,3.708,37272
513.0659,3.708,37281
510.6245,3.708,37290
510.6245,3.708,37299
510.6245,3.708,37308
510.6245,3.708,37317
510.6245,3.708,37326
510.6245,3.708,37335
510.0142,3.708,37344
509.4038,3.708,37353
508.1831,3.708,37362
505.1313,3.708,37371
505.1313,3.708,37380
503.3003,3.708,37389
503.3003,3.708,37398
500.8589,3.708,37407
500.8589,3.708,37416
500.8589,3.708,37425
499.6382,3.708,37434
498.4175,3.708,37443
498.1123,3.708,37452
495.9761,3.708,37461
495.9761,3.708,37470
495.0605,3.708,37479
495.0605,3.708,37488
494.7554,3.708,37497
494.7554,3.708,37506
493.5347,3.708,37515
492.9243,3.708,37524
491.0933,3.708,37533
491.0933,3.708,37542
490.4829,3.708,37551
490.1777,3.708,37560
488.6519,3.708,37569
486.2104,3.708,37578
486.2104,3.708,37587
485.9053,3.708,37596
485.2949,3.708,37605
484.3794,3.708,37614
483.769,3.708,37623
483.1587,3.708,37632
481.3276,3.708,37641
481.3276,3.708,37650
481.3276,3.708,37659
481.3276,3.708,37668
480.4121,3.708,37677
478.8862,3.708,37686
476.4448,3.708,37695
476.1396,3.708,37704
474.0034,3.708,37713
474.0034,3.708,37722
473.3931,3.708,37731
471.562,3.708,37740
471.562,3.708,37749
471.562,3.708,37758
471.562,3.708,37767
470.6465,3.708,37776
469.1206,3.708,37785
468.8154,3.708,37794
466.6792,3.708,37803
466.374,3.708,37812
465.7637,3.708,37821
464.2378,3.708,37830
463.3223,3.708,37839
464.2378,3.708,37848
463.3223,3.708,37857
461.7964,3.708,37866
461.4912,3.708,37875
461.186,3.708,37884
459.355,3.708,37893
459.355,3.699,37902
458.7446,3.699,37911
456.9136,3.699,37920
456.9136,3.699,37929
456.9136,3.699,37938
456.3032,3.699,37947
455.998,3.699,37956
454.4722,3.699,37965
454.4722,3.699,37974
452.0308,3.699,37983
451.1152,3.699,37992
448.979,3.699,38001
447.1479,3.699,38010
447.1479,3.699,38019
447.1479,3.699,38028
447.1479,3.699,38037
446.2324,3.699,38046
444.0962,3.699,38055
442.2651,3.699,38064
442.2651,3.699,38073
442.2651,3.699,38082
441.3496,3.699,38091
440.4341,3.699,38100
441.3496,3.699,38109
440.4341,3.699,38118
439.8237,3.699,38127
439.2134,3.699,38136
437.3823,3.699,38145
437.3823,3.699,38154
436.1616,3.699,38163
432.4995,3.699,38172
432.4995,3.699,38181
430.0581,3.699,38190
430.6685,3.699,38199
430.0581,3.699,38208
430.0581,3.699,38217
430.0581,3.699,38226
430.0581,3.699,38235
429.4478,3.699,38244
427.6167,3.699,38253
427.6167,3.699,38262
426.396,3.699,38271
422.7339,3.699,38280
422.7339,3.699,38289
422.7339,3.699,38298
422.7339,3.699,38307
421.8184,3.699,38316
420.2925,3.699,38325
420.2925,3.699,38334
417.8511,3.699,38343
417.8511,3.699,38352
417.8511,3.699,38361
417.8511,3.699,38370
417.8511,3.699,38379
416.9355,3.699,38388
416.6304,3.699,38397
415.4097,3.699,38406
412.9683,3.699,38415
412.9683,3.699,38424
412.0527,3.699,38433
411.1372,3.699,38442
411.1372,3.699,38451
408.0854,3.699,38460
407.7803,3.699,38469
405.644,3.699,38478
403.2026,3.699,38487
402.5923,3.699,38496
403.2026,3.699,38505
403.2026,3.699,38514
402.8975,3.699,38523
402.8975,3.699,38532
403.2026,3.699,38541
402.5923,3.699,38550
402.5923,3.699,38559
401.3716,3.699,38568
398.3198,3.69,38577
398.3198,3.69,38586
395.8784,3.69,38595
395.8784,3.69,38604
395.2681,3.69,38613
394.9629,3.69,38622
393.437,3.69,38631
393.1318,3.69,38640
390.9956,3.69,38649
390.9956,3.69,38658
390.9956,3.69,38667
388.5542,3.69,38676
388.5542,3.69,38685
388.5542,3.69,38694
388.249,3.69,38703
386.1128,3.69,38712
383.6714,3.69,38721
383.6714,3.69,38730
383.6714,3.69,38739
382.7559,3.69,38748
382.7559,3.69,38757
381.23,3.69,38766
381.8403,3.69,38775
381.23,3.69,38784
381.23,3.69,38793
378.7886,3.69,38802
378.7886,3.69,38811
378.7886,3.69,38820
377.5679,3.69,38829
376.3472,3.69,38838
373.9058,3.69,38847
373.9058,3.69,38856
372.9902,3.69,38865
370.854,3.69,38874
369.0229,3.69,38883
369.0229,3.69,38892
369.0229,3.69,38901
367.1919,3.69,38910
367.8022,3.69,38919
367.1919,3.69,38928
366.5815,3.69,38937
366.2764,3.69,38946
366.5815,3.69,38955
366.5815,3.69,38964
364.1401,3.69,38973
364.1401,3.69,38982
362.9194,3.69,38991
361.6987,3.69,39000
360.478,3.69,39009
359.2573,3.69,39018
359.2573,3.69,39027
357.7314,3.69,39036
356.8159,3.69,39045
356.2056,3.69,39054
354.3745,3.69,39063
354.3745,3.69,39072
353.459,3.69,39081
352.5435,3.69,39090
353.1538,3.69,39099
352.5435,3.69,39108
351.3228,3.69,39117
351.3228,3.69,39126
349.4917,3.69,39135
348.8813,3.69,39144
348.271,3.69,39153
347.0503,3.69,39162
347.0503,3.69,39171
346.4399,3.69,39180
344.6089,3.681,39189
344.6089,3.681,39198
342.1675,3.681,39207
339.7261,3.681,39216
339.7261,3.681,39225
338.8105,3.681,39234
338.8105,3.681,39243
338.8105,3.681,39252
337.2847,3.681,39261
334.8433,3.681,39270
336.3691,3.681,39279
334.8433,3.681,39288
334.8433,3.681,39297
334.8433,3.681,39306
334.2329,3.681,39315
333.0122,3.681,39324
329.9604,3.681,39333
329.9604,3.681,39342
329.9604,3.681,39351
329.6553,3.681,39360
329.3501,3.681,39369
327.519,3.681,39378
327.519,3.681,39387
326.9087,3.681,39396
325.0776,3.681,39405
325.0776,3.681,39414
324.1621,3.681,39423
323.2466,3.681,39432
322.6362,3.681,39441
322.6362,3.681,39450
320.1948,3.681,39459
320.1948,3.681,39468
319.2793,3.681,39477
317.7534,3.681,39486
317.1431,3.681,39495
315.312,3.681,39504
315.312,3.681,39513
315.312,3.681,39522
314.7017,3.681,39531
314.7017,3.681,39540
312.8706,3.681,39549
312.2603,3.672,39558
312.2603,3.672,39567
312.2603,3.672,39576
310.4292,3.672,39585
310.4292,3.672,39594
310.4292,3.672,39603
309.5137,3.672,39612
309.2085,3.672,39621
307.9878,3.672,39630
307.0723,3.672,39639
305.5464,3.672,39648
304.0205,3.672,39657
304.0205,3.672,39666
302.4946,3.672,39675
300.6636,3.672,39684
300.6636,3.672,39693
300.6636,3.672,39702
300.0532,3.672,39711
299.1377,3.672,39720
298.2222,3.672,39729
295.7808,3.672,39738
297.6118,3.672,39747
295.7808,3.672,39756
295.7808,3.672,39765
295.7808,3.672,39774
294.8652,3.672,39783
293.3394,3.663,39792
293.9497,3.663,39801
293.3394,3.663,39810
290.8979,3.663,39819
290.8979,3.663,39828
289.6772,3.663,39837
289.9824,3.663,39846
289.6772,3.663,39855
288.4565,3.663,39864
288.4565,3.663,39873
286.0151,3.663,39882
286.0151,3.663,39891
283.5737,3.663,39900
283.5737,3.663,39909
283.5737,3.663,39918
282.9634,3.663,39927
281.1323,3.663,39936
281.1323,3.654,39945
280.522,3.654,39954
279.3013,3.654,39963
278.0806,3.654,39972
276.2495,3.654,39981
276.2495,3.654,39990
275.6392,3.654,39999
275.0288,3.654,40008
273.8081,3.654,40017
273.8081,3.654,40026
271.3667,3.654,40035
271.3667,3.654,40044
271.3667,3.654,40053
271.3667,3.654,40062
270.7563,3.654,40071
268.9253,3.654,40080
268.9253,3.645,40089
268.0098,3.645,40098
266.4839,3.645,40107
266.1787,3.645,40116
265.2632,3.645,40125
264.0425,3.645,40134
263.4321,3.645,40143
261.6011,3.645,40152
261.6011,3.645,40161
260.6855,3.645,40170
260.6855,3.636,40179
258.5493,3.636,40188
259.1597,3.636,40197
258.5493,3.636,40206
258.5493,3.636,40215
256.7183,3.636,40224
256.7183,3.636,40233
255.8027,3.636,40242
254.2769,3.636,40251
253.6665,3.636,40260
253.6665,3.636,40269
251.8354,3.636,40278
250.9199,3.627,40287
251.5303,3.627,40296
249.394,3.627,40305
249.394,3.627,40314
249.394,3.627,40323
248.1733,3.627,40332
246.9526,3.627,40341
246.9526,3.627,40350
246.0371,3.627,40359
245.1216,3.627,40368
243.9009,3.627,40377
243.9009,3.618,40386
241.4595,3.618,40395
242.0698,3.618,40404
241.4595,3.618,40413
241.1543,3.618,40422
239.6284,3.618,40431
239.3232,3.618,40440
237.187,3.618,40449
237.187,3.618,40458
236.8818,3.618,40467
236.2715,3.618,40476
235.356,3.618,40485
234.7456,3.609,40494
234.1353,3.609,40503
232.3042,3.609,40512
232.3042,3.609,40521
231.3887,3.609,40530
231.6938,3.609,40539
229.8628,3.609,40548
229.8628,3.609,40557
227.4214,3.6,40566
227.4214,3.6,40575
227.4214,3.6,40584
226.5059,3.6,40593
224.98,3.6,40602
224.98,3.6,40611
224.98,3.6,40620
222.5386,3.6,40629
222.5386,3.6,40638
222.5386,3.591,40647
221.9282,3.591,40656
220.0972,3.591,40665
220.0972,3.591,40674
217.6558,3.591,40683
217.6558,3.591,40692
217.3506,3.591,40701
216.4351,3.591,40710
215.8247,3.582,40719
212.7729,3.582,40728
212.7729,3.582,40737
212.7729,3.582,40746
212.7729,3.582,40755
211.8574,3.582,40764
211.5522,3.582,40773
210.3315,3.582,40782
207.8901,3.582,40791
207.8901,3.573,40800
207.8901,3.573,40809
207.2798,3.573,40818
205.4487,3.573,40827
206.0591,3.573,40836
203.0073,3.573,40845
203.0073,3.573,40854
203.0073,3.564,40863
202.7021,3.564,40872
202.0918,3.564,40881
200.5659,3.564,40890
200.5659,3.564,40899
198.1245,3.564,40908
198.1245,3.564,40917
197.5142,3.564,40926
196.9038,3.555,40935
195.6831,3.555,40944
195.6831,3.555,40953
193.2417,3.555,40962
192.9365,3.555,40971
192.9365,3.555,40980
192.6313,3.555,40989
190.8003,3.555,40998
190.8003,3.546,41007
188.3589,3.546,41016
188.3589,3.546,41025
188.3589,3.546,41034
188.3589,3.546,41043
187.1382,3.546,41052
185.9175,3.546,41061
185.9175,3.546,41070
183.4761,3.537,41079
183.4761,3.537,41088
183.4761,3.537,41097
182.5605,3.537,41106
181.645,3.537,41115
181.0347,3.537,41124
178.5933,3.537,41133
178.5933,3.528,41142
178.5933,3.528,41151
177.9829,3.528,41160
176.7622,3.528,41169
176.1519,3.528,41178
175.5415,3.528,41187
173.7104,3.528,41196
173.7104,3.519,41205
173.7104,3.519,41214
172.7949,3.519,41223
171.269,3.519,41232
170.6587,3.519,41241
168.8276,3.519,41250
168.8276,3.519,41259
167.9121,3.51,41268
166.3862,3.51,41277
166.3862,3.51,41286
165.7759,3.51,41295
163.9448,3.51,41304
163.9448,3.51,41313
163.6396,3.51,41322
162.7241,3.501,41331
161.5034,3.501,41340
159.062,3.501,41349
159.062,3.501,41358
159.062,3.501,41367
158.4517,3.501,41376
158.1465,3.501,41385
157.8413,3.492,41394
156.6206,3.492,41403
156.0103,3.492,41412
154.1792,3.492,41421
154.1792,3.492,41430
153.2637,3.492,41439
152.9585,3.483,41448
151.7378,3.483,41457
151.7378,3.483,41466
149.2964,3.483,41475
149.2964,3.483,41484
148.3809,3.483,41493
148.686,3.483,41502
147.4653,3.483,41511
146.855,3.474,41520
146.2446,3.474,41529
146.2446,3.474,41538
144.4136,3.474,41547
144.4136,3.474,41556
143.1929,3.474,41565
141.9722,3.474,41574
141.667,3.465,41583
139.5308,3.465,41592
139.5308,3.465,41601
139.5308,3.465,41610
138.6152,3.465,41619
137.0894,3.465,41628
137.0894,3.456,41637
134.6479,3.456,41646
134.6479,3.456,41655
134.6479,3.456,41664
133.7324,3.456,41673
133.4272,3.447,41682
131.5962,3.447,41691
131.5962,3.447,41700
129.7651,3.447,41709
129.7651,3.447,41718
129.1548,3.447,41727
128.8496,3.447,41736
127.3237,3.438,41745
127.3237,3.438,41754
126.7134,3.438,41763
124.8823,3.438,41772
124.8823,3.438,41781
124.272,3.438,41790
123.6616,3.438,41799
121.8306,3.429,41808
119.9995,3.429,41817
119.9995,3.429,41826
119.9995,3.429,41835
118.1685,3.429,41844
118.1685,3.42,41853
116.9478,3.42,41862
115.1167,3.42,41871
112.6753,3.42,41880
110.2339,3.42,41889
109.6235,3.42,41898
107.7925,3.411,41907
105.3511,3.411,41916
104.7407,3.411,41925
102.9097,3.411,41934
102.9097,3.411,41943
101.9941,3.411,41952
100.4683,3.411,41961
98.63721,3.411,41970
98.02686,3.411,41979
95.58545,3.411,41988
95.58545,3.411,41997
94.66992,3.411,42006
94.66992,3.411,42015
93.14404,3.411,42024
93.75439,3.411,42033
93.14404,3.411,42042
92.53369,3.411,42051
92.22852,3.411,42060
90.70264,3.411,42069
90.39746,3.411,42078
88.87158,3.411,42087
88.26123,3.411,42096
85.81982,3.402,42105
85.81982,3.402,42114
85.20947,3.402,42123
84.59912,3.402,42132
83.37842,3.402,42141
83.37842,3.402,42150
82.76807,3.402,42159
80.93701,3.402,42168
80.93701,3.402,42177
80.32666,3.402,42186
80.32666,3.402,42195
80.02148,3.402,42204
79.10596,3.402,42213
78.49561,3.402,42222
77.88525,3.402,42231
75.44385,3.402,42240
75.74902,3.402,42249
73.61279,3.402,42258
73.61279,3.402,42267
71.17139,3.402,42276
71.17139,3.402,42285
69.64551,3.402,42294
69.34033,3.402,42303
68.72998,3.402,42312
68.11963,3.402,42321
66.28857,3.393,42330
66.28857,3.393,42339
65.9834,3.393,42348
64.45752,3.393,42357
63.84717,3.393,42366
61.40576,3.393,42375
61.40576,3.393,42384
61.40576,3.393,42393
58.96436,3.393,42402
59.57471,3.393,42411
58.96436,3.393,42420
56.52295,3.393,42429
56.52295,3.393,42438
55.9126,3.393,42447
55.60742,3.393,42456
55.60742,3.393,42465
54.69189,3.393,42474
54.08154,3.393,42483
51.64014,3.393,42492
51.64014,3.393,42501
51.64014,3.384,42510
49.80908,3.384,42519
48.58838,3.384,42528
48.58838,3.384,42537
46.75732,3.384,42546
46.75732,3.384,42555
46.75732,3.384,42564
46.14697,3.384,42573
45.53662,3.384,42582
44.31592,3.384,42591
41.87451,3.384,42600
41.87451,3.384,42609
41.87451,3.384,42618
41.87451,3.384,42627
40.04346,3.384,42636
40.04346,3.384,42645
39.43311,3.384,42654
39.43311,3.384,42663
36.9917,3.384,42672
36.9917,3.384,42681
36.38135,3.384,42690
36.07617,3.384,42699
34.55029,3.375,42708
34.55029,3.375,42717
34.24512,3.375,42726
32.10889,3.375,42735
32.10889,3.375,42744
31.19336,3.375,42753
30.27783,3.375,42762
29.66748,3.375,42771
28.75195,3.375,42780
27.22607,3.375,42789
27.22607,3.375,42798
26.61572,3.375,42807
26.61572,3.375,42816
25.7002,3.375,42825
24.78467,3.375,42834
22.34326,3.375,42843
22.34326,3.375,42852
22.34326,3.375,42861
22.34326,3.375,42870
22.34326,3.375,42879
22.34326,3.375,42888
20.51221,3.375,42897
19.90186,3.375,42906
19.90186,3.375,42915
17.46045,3.375,42924
17.46045,3.366,42933
16.54492,3.366,42942
16.54492,3.366,42951
15.01904,3.366,42960
15.01904,3.366,42969
15.01904,3.366,42978
12.57764,3.366,42987
12.57764,3.366,42996
11.66211,3.366,43005
10.13623,3.366,43014
10.13623,3.366,43023
7.694824,3.366,43032
7.389648,3.366,43041
7.694824,3.366,43050
7.084473,3.366,43059
6.779297,3.366,43068
5.253418,3.366,43077
4.643066,3.366,43086
