"Ô¶¾°","1","1","1#545-100nm","1","2021-11-10 11:12:58",0,0,545,20,100,1
568.4199,-6.836426,3.186,0,0,0,0,3690
0,1
-1.953613,0,3
-1.953613,0,12
-1.953613,0,21
-1.953613,0,30
-1.953613,0,39
-1.953613,0,48
-1.953613,0,57
-1.953613,0,66
-2.869141,0,75
-3.784668,0,84
-5.005371,0,93
-5.005371,0,102
-4.39502,0,111
-4.39502,0,120
-3.784668,0,129
-2.258789,0,138
-1.953613,0,147
-1.953613,0,156
-.4277344,0,165
.487793,0,174
.487793,0,183
.487793,0,192
.487793,0,201
.487793,0,210
.487793,0,219
1.708496,0,228
2.013672,0,237
2.013672,0,246
2.929199,0,255
2.929199,0,264
2.929199,0,273
2.929199,0,282
2.929199,0,291
4.760254,0,300
5.370605,0,309
5.370605,0,318
5.370605,0,327
6.896484,0,336
6.896484,0,345
7.20166,0,354
7.812012,0,363
7.812012,0,372
7.812012,0,381
7.812012,0,390
7.812012,0,399
9.643066,0,408
10.25342,0,417
10.25342,0,426
11.16895,0,435
10.86377,0,444
11.7793,0,453
12.69482,0,462
12.69482,0,471
12.69482,0,480
14.52588,0,489
15.13623,0,498
16.35693,0,507
16.05176,0,516
16.96729,0,525
17.27246,0,534
17.57764,0,543
17.57764,0,552
19.40869,0,561
20.01904,0,570
20.62939,0,579
20.62939,0,588
21.8501,0,597
22.46045,0,606
22.46045,0,615
22.46045,0,624
24.90186,0,633
24.90186,0,642
24.90186,0,651
26.12256,0,660
25.51221,0,669
26.42773,0,678
26.42773,0,687
27.34326,0,696
27.34326,0,705
27.34326,0,714
29.17432,0,723
29.78467,0,732
31.00537,0,741
31.61572,0,750
32.22607,0,759
32.22607,0,768
34.05713,0,777
34.66748,0,786
34.66748,0,795
35.88818,0,804
36.49854,.009,813
37.10889,.009,822
37.10889,.009,831
39.55029,.009,840
40.46582,.009,849
41.07617,.009,858
41.9917,.009,867
41.9917,.009,876
41.9917,.009,885
44.43311,.009,894
44.43311,.009,903
45.04346,.009,912
45.95898,.009,921
45.95898,.009,930
46.87451,.009,939
46.87451,.009,948
49.31592,.009,957
49.31592,.009,966
51.45215,.009,975
51.14697,.009,984
51.75732,.009,993
51.75732,.009,1002
53.58838,.009,1011
51.75732,.009,1020
54.80908,.009,1029
55.72461,.009,1038
56.33496,.009,1047
58.16602,.009,1056
59.08154,.009,1065
60.9126,.009,1074
61.52295,.009,1083
61.52295,.009,1092
63.354,.009,1101
63.96436,.009,1110
64.57471,.009,1119
65.49023,.009,1128
66.40576,.009,1137
66.40576,.009,1146
68.54199,.009,1155
68.84717,.009,1164
70.37305,.009,1173
70.9834,.009,1182
71.28857,.009,1191
71.28857,.009,1200
73.72998,.009,1209
73.72998,.009,1218
73.72998,.009,1227
75.25586,.009,1236
75.56104,.009,1245
76.17139,.009,1254
76.17139,.018,1263
76.17139,.018,1272
78.00244,.018,1281
78.00244,.018,1290
78.61279,.018,1299
80.44385,.018,1308
80.74902,.018,1317
81.0542,.018,1326
81.0542,.018,1335
83.49561,.018,1344
83.49561,.018,1353
85.02148,.018,1362
85.93701,.018,1371
85.93701,.018,1380
88.37842,.018,1389
88.37842,.018,1398
88.98877,.018,1407
89.59912,.018,1416
90.81982,.018,1425
90.81982,.018,1434
90.81982,.018,1443
93.26123,.018,1452
94.78711,.018,1461
95.39746,.018,1470
95.70264,.018,1479
95.70264,.018,1488
98.14404,.027,1497
95.70264,.027,1506
98.75439,.027,1515
99.9751,.027,1524
99.9751,.027,1533
100.5854,.027,1542
100.5854,.027,1551
103.0269,.027,1560
103.0269,.027,1569
103.6372,.027,1578
104.5527,.027,1587
105.4683,.027,1596
105.4683,.027,1605
106.9941,.027,1614
107.2993,.027,1623
107.9097,.027,1632
108.52,.027,1641
109.7407,.036,1650
110.0459,.036,1659
110.3511,.036,1668
110.3511,.036,1677
111.877,.036,1686
112.7925,.036,1695
114.0132,.036,1704
114.6235,.036,1713
115.2339,.036,1722
115.2339,.036,1731
117.0649,.036,1740
117.6753,.036,1749
117.6753,.045,1758
118.896,.045,1767
117.6753,.045,1776
119.5063,.045,1785
120.1167,.045,1794
120.1167,.045,1803
120.1167,.045,1812
121.9478,.045,1821
122.5581,.045,1830
122.5581,.054,1839
123.7788,.054,1848
124.084,.054,1857
124.084,.054,1866
124.9995,.054,1875
124.9995,.054,1884
124.9995,.054,1893
126.8306,.054,1902
127.4409,.063,1911
127.4409,.063,1920
128.0513,.063,1929
129.8823,.063,1938
129.8823,.063,1947
129.8823,.063,1956
132.3237,.072,1965
132.9341,.072,1974
133.5444,.072,1983
134.7651,.072,1992
134.7651,.072,2001
136.291,.081,2010
136.5962,.081,2019
137.2065,.081,2028
138.4272,.081,2037
138.7324,.081,2046
139.0376,.09,2055
139.6479,.09,2064
139.6479,.09,2073
142.0894,.09,2082
142.6997,.09,2091
143.6152,.09,2100
143.9204,.099,2109
144.5308,.099,2118
144.5308,.099,2127
146.3618,.099,2136
146.9722,.099,2145
146.9722,.108,2154
148.498,.108,2163
149.4136,.108,2172
149.4136,.108,2181
149.4136,.117,2190
151.2446,.117,2199
151.855,.117,2208
153.0757,.117,2217
153.9912,.126,2226
154.2964,.126,2235
154.2964,.126,2244
155.8223,.126,2253
156.1274,.126,2262
156.1274,.135,2271
156.7378,.135,2280
156.7378,.135,2289
158.2637,.135,2298
158.874,.135,2307
159.1792,.144,2316
159.1792,.144,2325
159.1792,.144,2334
159.1792,.153,2343
161.6206,.153,2352
161.6206,.153,2361
162.231,.153,2370
162.231,.162,2379
163.4517,.162,2388
163.1465,.162,2397
164.062,.171,2406
164.062,.171,2415
164.062,.171,2424
165.8931,.18,2433
165.8931,.18,2442
165.8931,.18,2451
166.5034,.189,2460
167.1138,.189,2469
168.0293,.189,2478
168.6396,.198,2487
168.9448,.198,2496
168.9448,.198,2505
168.9448,.207,2514
168.9448,.207,2523
168.9448,.207,2532
171.3862,.216,2541
171.9966,.216,2550
173.5225,.225,2559
173.8276,.225,2568
173.8276,.225,2577
173.8276,.234,2586
176.269,.234,2595
176.269,.243,2604
176.269,.243,2613
178.1001,.243,2622
178.7104,.252,2631
178.7104,.252,2640
178.7104,.261,2649
180.5415,.261,2658
181.1519,.27,2667
181.7622,.27,2676
182.6777,.27,2685
183.5933,.279,2694
183.5933,.279,2703
185.4243,.288,2712
186.0347,.288,2721
186.0347,.288,2730
187.5605,.297,2739
188.1709,.297,2748
188.4761,.306,2757
188.4761,.306,2766
190.9175,.315,2775
190.9175,.315,2784
192.4434,.315,2793
193.0537,.324,2802
193.3589,.324,2811
193.3589,.333,2820
194.8848,.333,2829
195.8003,.342,2838
197.3262,.342,2847
197.3262,.342,2856
197.6313,.351,2865
198.2417,.351,2874
200.3779,.36,2883
200.6831,.36,2892
201.9038,.369,2901
202.8193,.369,2910
203.1245,.378,2919
203.1245,.378,2928
205.2607,.378,2937
205.5659,.387,2946
206.1763,.387,2955
207.7021,.396,2964
208.0073,.396,2973
208.0073,.405,2982
209.8384,.405,2991
209.8384,.414,3000
211.9746,.414,3009
212.2798,.414,3018
212.8901,.423,3027
212.8901,.423,3036
214.7212,.432,3045
215.3315,.432,3054
216.5522,.441,3063
216.8574,.441,3072
217.7729,.45,3081
217.7729,.45,3090
219.604,.459,3099
220.2144,.459,3108
220.8247,.459,3117
221.7402,.468,3126
222.6558,.468,3135
222.6558,.477,3144
222.6558,.477,3153
225.0972,.486,3162
225.0972,.486,3171
226.623,.495,3180
227.2334,.495,3189
227.5386,.495,3198
227.5386,.504,3207
229.98,.513,3216
229.98,.513,3225
231.2007,.522,3234
231.811,.522,3243
232.4214,.522,3252
232.4214,.531,3261
234.2524,.531,3270
234.8628,.54,3279
234.8628,.54,3288
236.3887,.549,3297
236.999,.549,3306
237.3042,.558,3315
237.3042,.558,3324
237.3042,.567,3333
239.1353,.567,3342
239.7456,.576,3351
240.356,.576,3360
241.2715,.576,3369
241.2715,.585,3378
242.187,.594,3387
242.187,.594,3396
244.0181,.594,3405
244.6284,.603,3414
245.8491,.603,3423
246.4595,.612,3432
247.0698,.612,3441
247.0698,.621,3450
247.0698,.63,3459
248.9009,.63,3468
249.5112,.639,3477
249.5112,.639,3486
251.3423,.648,3495
251.9526,.648,3504
251.9526,.657,3513
253.7837,.657,3522
254.394,.666,3531
255.6147,.666,3540
255.6147,.675,3549
256.8354,.675,3558
256.8354,.684,3567
256.8354,.684,3576
258.6665,.693,3585
259.2769,.693,3594
259.8872,.702,3603
261.4131,.702,3612
261.7183,.711,3621
263.2441,.711,3630
264.1597,.72,3639
264.1597,.729,3648
265.9907,.729,3657
266.6011,.738,3666
266.6011,.738,3675
268.4321,.747,3684
269.0425,.747,3693
269.6528,.756,3702
271.1787,.756,3711
271.4839,.765,3720
273.0098,.765,3729
273.9253,.774,3738
273.9253,.774,3747
275.4512,.783,3756
276.3667,.783,3765
276.3667,.792,3774
276.3667,.792,3783
278.1978,.801,3792
279.4185,.81,3801
280.334,.81,3810
281.2495,.81,3819
281.2495,.819,3828
283.6909,.819,3837
283.6909,.828,3846
285.2168,.837,3855
286.1323,.837,3864
286.1323,.846,3873
288.2686,.846,3882
288.5737,.855,3891
288.5737,.855,3900
290.71,.855,3909
291.0151,.864,3918
292.8462,.864,3927
293.4565,.873,3936
294.6772,.882,3945
295.8979,.882,3954
295.8979,.882,3963
295.8979,.891,3972
295.8979,.891,3981
298.3394,.9,3990
300.1704,.9,3999
300.7808,.909,4008
300.7808,.909,4017
303.2222,.918,4026
303.2222,.918,4035
304.4429,.927,4044
305.0532,.927,4053
305.6636,.936,4062
305.6636,.936,4071
308.105,.945,4080
308.105,.945,4089
308.7153,.954,4098
310.5464,.954,4107
310.5464,.954,4116
310.5464,.963,4125
312.9878,.963,4134
312.9878,.972,4143
314.8188,.972,4152
315.4292,.981,4161
315.4292,.981,4170
317.2603,.99,4179
317.8706,.99,4188
317.8706,.999,4197
319.7017,.999,4206
320.0068,.999,4215
320.312,1.008,4224
320.312,1.008,4233
320.312,1.017,4242
322.7534,1.017,4251
324.2793,1.026,4260
324.5845,1.026,4269
325.1948,1.035,4278
325.1948,1.035,4287
325.1948,1.044,4296
327.0259,1.044,4305
327.6362,1.053,4314
328.8569,1.053,4323
329.1621,1.062,4332
329.4673,1.062,4341
330.0776,1.071,4350
330.0776,1.071,4359
330.0776,1.08,4368
332.519,1.08,4377
333.7397,1.089,4386
333.7397,1.089,4395
334.3501,1.098,4404
334.9604,1.098,4413
334.9604,1.107,4422
334.9604,1.107,4431
334.9604,1.116,4440
337.4019,1.116,4449
337.4019,1.125,4458
338.0122,1.125,4467
339.2329,1.134,4476
338.9277,1.134,4485
339.8433,1.143,4494
339.8433,1.143,4503
339.8433,1.152,4512
342.2847,1.152,4521
342.2847,1.161,4530
342.2847,1.17,4539
342.2847,1.17,4548
344.1157,1.179,4557
344.1157,1.179,4566
344.7261,1.188,4575
344.7261,1.188,4584
344.7261,1.197,4593
346.5571,1.206,4602
347.1675,1.206,4611
347.7778,1.215,4620
348.3882,1.215,4629
349.3037,1.224,4638
348.3882,1.233,4647
349.6089,1.242,4656
349.6089,1.242,4665
349.3037,1.251,4674
349.6089,1.251,4683
351.1348,1.26,4692
351.4399,1.269,4701
351.4399,1.278,4710
349.6089,1.278,4719
349.6089,1.287,4728
349.6089,1.296,4737
349.6089,1.296,4746
351.1348,1.305,4755
351.1348,1.314,4764
351.4399,1.323,4773
351.1348,1.323,4782
349.6089,1.332,4791
349.6089,1.341,4800
351.1348,1.35,4809
351.1348,1.359,4818
350.8296,1.368,4827
351.1348,1.377,4836
351.1348,1.386,4845
351.1348,1.395,4854
349.6089,1.395,4863
349.6089,1.404,4872
349.6089,1.413,4881
349.6089,1.422,4890
349.6089,1.431,4899
349.6089,1.44,4908
349.6089,1.449,4917
349.6089,1.458,4926
349.6089,1.467,4935
349.6089,1.476,4944
349.6089,1.485,4953
349.6089,1.494,4962
349.6089,1.512,4971
348.9985,1.521,4980
348.9985,1.53,4989
348.6934,1.539,4998
348.3882,1.548,5007
348.3882,1.566,5016
347.1675,1.575,5025
347.7778,1.584,5034
347.1675,1.593,5043
347.1675,1.611,5052
347.1675,1.62,5061
346.5571,1.629,5070
347.1675,1.647,5079
346.252,1.656,5088
344.7261,1.674,5097
344.7261,1.683,5106
344.7261,1.692,5115
343.8105,1.71,5124
343.8105,1.719,5133
344.7261,1.737,5142
344.7261,1.746,5151
344.7261,1.764,5160
344.7261,1.773,5169
344.7261,1.791,5178
343.8105,1.8,5187
344.4209,1.818,5196
342.2847,1.827,5205
344.4209,1.845,5214
343.8105,1.863,5223
343.8105,1.881,5232
343.8105,1.89,5241
343.8105,1.908,5250
343.8105,1.926,5259
343.8105,1.935,5268
343.5054,1.953,5277
343.5054,1.971,5286
344.4209,1.989,5295
344.1157,2.007,5304
344.7261,2.016,5313
344.7261,2.034,5322
343.8105,2.052,5331
344.7261,2.07,5340
344.7261,2.088,5349
344.7261,2.106,5358
346.252,2.115,5367
347.1675,2.133,5376
347.1675,2.151,5385
348.083,2.169,5394
348.9985,2.187,5403
349.3037,2.205,5412
349.6089,2.223,5421
349.6089,2.241,5430
352.0503,2.259,5439
353.5762,2.277,5448
354.4917,2.295,5457
354.4917,2.304,5466
356.9331,2.322,5475
358.459,2.34,5484
359.3745,2.358,5493
361.8159,2.376,5502
363.3418,2.394,5511
364.2573,2.412,5520
366.6987,2.421,5529
369.1401,2.439,5538
371.2764,2.457,5547
373.1074,2.475,5556
374.0229,2.484,5565
377.0747,2.502,5574
378.2954,2.52,5583
381.3472,2.538,5592
383.7886,2.547,5601
385.6196,2.565,5610
387.4507,2.574,5619
388.6714,2.592,5628
392.6387,2.61,5637
393.5542,2.619,5646
395.9956,2.637,5655
398.437,2.646,5664
400.8784,2.664,5673
403.3198,2.673,5682
405.7612,2.682,5691
407.2871,2.7,5700
410.0337,2.709,5709
412.4751,2.727,5718
413.0854,2.736,5727
417.3579,2.745,5736
419.4941,2.754,5745
420.4097,2.763,5754
422.8511,2.781,5763
426.8184,2.79,5772
427.7339,2.799,5781
432.0063,2.808,5790
435.0581,2.817,5799
437.4995,2.826,5808
439.9409,2.835,5817
442.3823,2.844,5826
446.3496,2.853,5835
449.0962,2.862,5844
452.1479,2.871,5853
454.5894,2.871,5862
457.0308,2.88,5871
457.0308,2.889,5880
461.9136,2.898,5889
463.7446,2.898,5898
466.7964,2.907,5907
469.2378,2.916,5916
471.6792,2.916,5925
473.8154,2.925,5934
475.6465,2.925,5943
476.562,2.934,5952
476.562,2.934,5961
479.6138,2.943,5970
481.4448,2.943,5979
481.4448,2.952,5988
483.8862,2.952,5997
485.4121,2.961,6006
485.7173,2.961,6015
487.8535,2.97,6024
488.769,2.97,6033
490.2949,2.97,6042
491.2104,2.979,6051
493.0415,2.979,6060
493.6519,2.988,6069
495.4829,2.988,6078
496.0933,2.988,6087
497.6191,2.997,6096
498.5347,2.997,6105
500.0605,3.006,6114
500.9761,3.006,6123
500.9761,3.006,6132
502.8071,3.015,6141
503.4175,3.015,6150
505.8589,3.015,6159
505.8589,3.024,6168
507.6899,3.024,6177
508.3003,3.024,6186
509.521,3.033,6195
510.7417,3.033,6204
510.7417,3.042,6213
512.5728,3.042,6222
513.1831,3.042,6231
513.1831,3.042,6240
515.3193,3.051,6249
515.6245,3.051,6258
515.6245,3.051,6267
518.0659,3.06,6276
519.2866,3.06,6285
520.5073,3.06,6294
520.5073,3.069,6303
520.5073,3.069,6312
522.3384,3.069,6321
523.5591,3.069,6330
523.5591,3.078,6339
525.3901,3.078,6348
525.3901,3.078,6357
527.5264,3.087,6366
527.8315,3.087,6375
529.3574,3.087,6384
530.2729,3.087,6393
530.2729,3.096,6402
530.2729,3.096,6411
532.7144,3.096,6420
533.3247,3.096,6429
534.5454,3.105,6438
535.1558,3.105,6447
536.9868,3.105,6456
537.5972,3.114,6465
537.5972,3.114,6474
538.2075,3.114,6483
539.7334,3.114,6492
540.0386,3.123,6501
541.8696,3.123,6510
542.48,3.123,6519
542.48,3.123,6528
544.9214,3.132,6537
544.9214,3.132,6546
544.9214,3.132,6555
546.7524,3.132,6564
547.3628,3.141,6573
548.8887,3.141,6582
549.8042,3.141,6591
549.8042,3.15,6600
549.8042,3.15,6609
551.6353,3.15,6618
551.6353,3.15,6627
552.856,3.15,6636
552.856,3.15,6645
553.7715,3.159,6654
553.7715,3.159,6663
554.0767,3.159,6672
554.0767,3.159,6681
554.687,3.159,6690
554.687,3.159,6699
556.5181,3.159,6708
556.5181,3.159,6717
557.1284,3.168,6726
557.7388,3.168,6735
558.3491,3.168,6744
558.6543,3.168,6753
559.2646,3.168,6762
559.5698,3.168,6771
559.2646,3.168,6780
559.5698,3.168,6789
559.5698,3.168,6798
559.5698,3.168,6807
559.5698,3.168,6816
559.2646,3.168,6825
559.5698,3.177,6834
561.4009,3.177,6843
559.5698,3.177,6852
561.4009,3.177,6861
561.4009,3.177,6870
562.0112,3.177,6879
562.0112,3.177,6888
561.4009,3.177,6897
562.0112,3.177,6906
562.0112,3.177,6915
562.0112,3.177,6924
562.6216,3.177,6933
562.0112,3.177,6942
562.0112,3.177,6951
563.5371,3.177,6960
563.5371,3.177,6969
562.6216,3.177,6978
562.6216,3.177,6987
563.5371,3.177,6996
563.5371,3.177,7005
563.5371,3.177,7014
563.8423,3.177,7023
563.5371,3.177,7032
563.2319,3.177,7041
562.6216,3.177,7050
562.6216,3.177,7059
563.5371,3.177,7068
563.5371,3.177,7077
563.8423,3.186,7086
564.1475,3.186,7095
563.5371,3.186,7104
563.5371,3.186,7113
563.5371,3.186,7122
563.5371,3.186,7131
563.5371,3.186,7140
563.5371,3.186,7149
564.4526,3.186,7158
563.8423,3.186,7167
563.5371,3.186,7176
564.1475,3.186,7185
564.4526,3.186,7194
564.4526,3.186,7203
564.4526,3.186,7212
564.4526,3.186,7221
564.4526,3.186,7230
564.4526,3.186,7239
564.4526,3.186,7248
564.1475,3.186,7257
564.4526,3.186,7266
564.4526,3.186,7275
565.9785,3.186,7284
564.4526,3.186,7293
564.4526,3.186,7302
564.4526,3.186,7311
563.5371,3.186,7320
563.5371,3.186,7329
562.6216,3.186,7338
563.5371,3.186,7347
564.4526,3.186,7356
564.4526,3.186,7365
564.4526,3.186,7374
564.4526,3.186,7383
564.4526,3.186,7392
564.4526,3.186,7401
564.4526,3.186,7410
564.4526,3.186,7419
564.4526,3.186,7428
566.2837,3.186,7437
566.2837,3.186,7446
566.5889,3.186,7455
566.894,3.186,7464
566.2837,3.186,7473
564.4526,3.186,7482
564.4526,3.186,7491
564.4526,3.186,7500
564.4526,3.186,7509
564.4526,3.186,7518
564.4526,3.186,7527
564.4526,3.186,7536
564.4526,3.186,7545
564.4526,3.186,7554
564.4526,3.186,7563
564.4526,3.186,7572
564.4526,3.186,7581
564.4526,3.186,7590
564.4526,3.186,7599
564.4526,3.186,7608
564.4526,3.186,7617
564.4526,3.186,7626
566.2837,3.186,7635
566.2837,3.186,7644
564.4526,3.186,7653
564.4526,3.186,7662
564.4526,3.186,7671
564.4526,3.186,7680
564.4526,3.186,7689
564.4526,3.186,7698
564.1475,3.186,7707
564.4526,3.186,7716
564.4526,3.186,7725
564.4526,3.186,7734
564.4526,3.186,7743
564.4526,3.186,7752
564.4526,3.186,7761
564.4526,3.186,7770
564.4526,3.186,7779
564.4526,3.186,7788
566.5889,3.186,7797
566.894,3.186,7806
566.894,3.186,7815
566.894,3.186,7824
566.894,3.186,7833
566.894,3.186,7842
566.894,3.186,7851
566.5889,3.186,7860
566.2837,3.186,7869
564.4526,3.186,7878
564.4526,3.186,7887
564.4526,3.186,7896
564.4526,3.186,7905
564.4526,3.186,7914
564.4526,3.186,7923
564.4526,3.186,7932
564.4526,3.186,7941
564.4526,3.186,7950
564.4526,3.186,7959
564.4526,3.186,7968
564.4526,3.186,7977
564.4526,3.186,7986
564.4526,3.186,7995
564.4526,3.186,8004
564.4526,3.186,8013
564.4526,3.186,8022
564.4526,3.186,8031
564.4526,3.186,8040
566.2837,3.186,8049
566.894,3.186,8058
566.894,3.186,8067
568.4199,3.186,8076
568.1147,3.186,8085
566.894,3.186,8094
566.894,3.186,8103
566.894,3.186,8112
566.894,3.186,8121
566.894,3.186,8130
566.2837,3.186,8139
566.894,3.186,8148
566.2837,3.186,8157
564.4526,3.186,8166
564.4526,3.186,8175
564.4526,3.186,8184
564.4526,3.186,8193
564.4526,3.186,8202
564.4526,3.186,8211
564.4526,3.186,8220
564.4526,3.186,8229
564.4526,3.186,8238
564.4526,3.186,8247
564.4526,3.186,8256
564.4526,3.186,8265
564.4526,3.186,8274
564.4526,3.186,8283
564.4526,3.186,8292
565.9785,3.186,8301
566.2837,3.186,8310
565.9785,3.186,8319
566.5889,3.186,8328
566.2837,3.186,8337
564.4526,3.186,8346
564.4526,3.186,8355
564.4526,3.186,8364
564.4526,3.186,8373
564.4526,3.186,8382
564.4526,3.186,8391
564.4526,3.186,8400
564.4526,3.186,8409
564.4526,3.186,8418
564.4526,3.186,8427
564.4526,3.186,8436
564.4526,3.186,8445
564.4526,3.186,8454
564.4526,3.186,8463
564.4526,3.186,8472
564.4526,3.186,8481
564.4526,3.186,8490
564.4526,3.186,8499
564.4526,3.186,8508
564.4526,3.186,8517
564.4526,3.186,8526
564.4526,3.186,8535
564.4526,3.186,8544
565.9785,3.186,8553
564.4526,3.186,8562
564.4526,3.186,8571
564.4526,3.186,8580
564.4526,3.186,8589
564.4526,3.186,8598
564.4526,3.186,8607
564.4526,3.186,8616
564.4526,3.186,8625
564.4526,3.186,8634
564.4526,3.186,8643
564.4526,3.186,8652
564.4526,3.186,8661
564.4526,3.186,8670
564.4526,3.186,8679
564.4526,3.186,8688
564.4526,3.186,8697
564.4526,3.186,8706
564.4526,3.186,8715
564.4526,3.186,8724
564.4526,3.186,8733
564.4526,3.186,8742
564.4526,3.186,8751
564.4526,3.186,8760
564.4526,3.186,8769
564.4526,3.186,8778
564.4526,3.186,8787
564.4526,3.186,8796
564.4526,3.186,8805
564.4526,3.186,8814
564.4526,3.186,8823
563.2319,3.186,8832
564.4526,3.186,8841
564.4526,3.186,8850
564.4526,3.186,8859
564.4526,3.186,8868
566.2837,3.186,8877
565.9785,3.186,8886
565.9785,3.186,8895
565.9785,3.186,8904
564.4526,3.186,8913
564.4526,3.186,8922
564.4526,3.186,8931
564.4526,3.186,8940
564.4526,3.186,8949
564.4526,3.186,8958
564.4526,3.186,8967
564.4526,3.186,8976
565.9785,3.186,8985
564.4526,3.186,8994
564.4526,3.186,9003
566.2837,3.186,9012
566.2837,3.186,9021
564.4526,3.186,9030
564.4526,3.186,9039
564.4526,3.186,9048
564.4526,3.186,9057
564.4526,3.186,9066
564.4526,3.186,9075
564.4526,3.186,9084
564.4526,3.186,9093
564.4526,3.186,9102
564.4526,3.186,9111
564.4526,3.186,9120
564.4526,3.186,9129
563.5371,3.186,9138
564.4526,3.186,9147
563.8423,3.186,9156
564.4526,3.186,9165
564.4526,3.186,9174
566.2837,3.186,9183
564.4526,3.186,9192
564.4526,3.186,9201
564.4526,3.186,9210
564.4526,3.186,9219
564.4526,3.186,9228
566.5889,3.186,9237
566.5889,3.186,9246
566.5889,3.186,9255
566.5889,3.186,9264
566.5889,3.186,9273
565.9785,3.186,9282
564.4526,3.186,9291
564.4526,3.186,9300
564.4526,3.186,9309
564.4526,3.186,9318
564.4526,3.186,9327
564.4526,3.186,9336
564.4526,3.186,9345
564.4526,3.186,9354
564.4526,3.186,9363
564.4526,3.186,9372
564.4526,3.186,9381
564.4526,3.186,9390
564.4526,3.186,9399
564.4526,3.186,9408
564.4526,3.186,9417
564.1475,3.186,9426
564.4526,3.186,9435
564.4526,3.186,9444
564.4526,3.186,9453
564.4526,3.186,9462
564.4526,3.186,9471
564.4526,3.186,9480
565.9785,3.186,9489
566.5889,3.186,9498
566.894,3.186,9507
566.894,3.186,9516
565.9785,3.186,9525
564.4526,3.186,9534
565.9785,3.186,9543
566.2837,3.186,9552
565.9785,3.186,9561
566.2837,3.186,9570
564.4526,3.186,9579
564.4526,3.186,9588
565.9785,3.186,9597
566.2837,3.186,9606
566.5889,3.186,9615
564.4526,3.186,9624
565.9785,3.186,9633
565.9785,3.186,9642
564.4526,3.186,9651
564.4526,3.186,9660
564.4526,3.186,9669
564.4526,3.186,9678
564.4526,3.186,9687
564.4526,3.186,9696
564.4526,3.186,9705
564.4526,3.186,9714
564.4526,3.186,9723
564.4526,3.186,9732
564.4526,3.186,9741
564.1475,3.186,9750
564.4526,3.186,9759
564.4526,3.186,9768
564.4526,3.186,9777
564.4526,3.186,9786
564.4526,3.186,9795
564.4526,3.186,9804
564.4526,3.186,9813
564.4526,3.186,9822
564.4526,3.186,9831
564.4526,3.186,9840
564.4526,3.186,9849
564.4526,3.186,9858
564.4526,3.186,9867
564.4526,3.186,9876
564.4526,3.186,9885
564.4526,3.186,9894
564.4526,3.186,9903
564.4526,3.186,9912
564.4526,3.186,9921
564.4526,3.186,9930
564.4526,3.186,9939
564.4526,3.186,9948
564.4526,3.186,9957
564.4526,3.186,9966
564.4526,3.186,9975
564.4526,3.186,9984
564.4526,3.186,9993
564.4526,3.186,10002
564.4526,3.186,10011
564.4526,3.186,10020
564.4526,3.186,10029
564.4526,3.186,10038
564.4526,3.186,10047
564.4526,3.186,10056
564.4526,3.186,10065
564.4526,3.186,10074
564.4526,3.186,10083
564.4526,3.186,10092
564.4526,3.186,10101
564.4526,3.186,10110
564.4526,3.186,10119
564.4526,3.186,10128
564.4526,3.186,10137
564.4526,3.186,10146
564.4526,3.186,10155
564.4526,3.186,10164
564.4526,3.186,10173
564.4526,3.186,10182
564.4526,3.186,10191
564.4526,3.186,10200
564.4526,3.186,10209
564.4526,3.186,10218
564.4526,3.186,10227
564.4526,3.186,10236
564.4526,3.186,10245
564.4526,3.186,10254
564.4526,3.186,10263
564.4526,3.186,10272
564.4526,3.186,10281
564.4526,3.186,10290
564.4526,3.186,10299
564.4526,3.186,10308
564.1475,3.186,10317
564.4526,3.186,10326
564.4526,3.186,10335
564.4526,3.186,10344
564.4526,3.186,10353
564.4526,3.186,10362
564.4526,3.186,10371
564.4526,3.186,10380
564.4526,3.186,10389
564.4526,3.186,10398
564.4526,3.186,10407
564.4526,3.186,10416
564.4526,3.186,10425
564.4526,3.186,10434
564.4526,3.186,10443
563.8423,3.186,10452
564.4526,3.186,10461
564.4526,3.186,10470
564.4526,3.186,10479
564.4526,3.186,10488
564.4526,3.186,10497
564.4526,3.186,10506
564.4526,3.186,10515
564.4526,3.186,10524
564.4526,3.186,10533
566.2837,3.186,10542
566.2837,3.186,10551
566.894,3.186,10560
566.894,3.186,10569
566.5889,3.186,10578
564.4526,3.186,10587
563.5371,3.186,10596
564.4526,3.186,10605
564.4526,3.186,10614
564.4526,3.186,10623
564.4526,3.186,10632
565.9785,3.186,10641
564.4526,3.186,10650
564.4526,3.186,10659
564.4526,3.186,10668
564.4526,3.186,10677
564.4526,3.186,10686
564.4526,3.186,10695
565.9785,3.186,10704
566.894,3.186,10713
566.2837,3.186,10722
565.9785,3.186,10731
566.5889,3.186,10740
566.2837,3.186,10749
566.5889,3.186,10758
565.9785,3.186,10767
566.2837,3.186,10776
566.2837,3.186,10785
566.2837,3.186,10794
564.4526,3.186,10803
564.4526,3.186,10812
564.4526,3.186,10821
566.894,3.186,10830
566.5889,3.186,10839
566.894,3.186,10848
566.894,3.186,10857
564.4526,3.186,10866
564.4526,3.186,10875
564.4526,3.186,10884
564.4526,3.186,10893
564.4526,3.186,10902
564.4526,3.186,10911
564.4526,3.186,10920
564.4526,3.186,10929
564.4526,3.186,10938
564.4526,3.186,10947
564.4526,3.186,10956
566.2837,3.186,10965
565.9785,3.186,10974
566.2837,3.186,10983
566.2837,3.186,10992
564.4526,3.186,11001
564.4526,3.186,11010
565.9785,3.186,11019
564.4526,3.186,11028
564.4526,3.186,11037
564.4526,3.186,11046
564.4526,3.186,11055
564.4526,3.186,11064
564.4526,3.186,11073
564.4526,3.186,11082
564.4526,3.186,11091
564.4526,3.186,11100
564.4526,3.186,11109
564.4526,3.186,11118
564.4526,3.186,11127
564.4526,3.186,11136
564.4526,3.186,11145
564.4526,3.186,11154
564.4526,3.186,11163
564.4526,3.186,11172
565.9785,3.186,11181
566.2837,3.186,11190
564.4526,3.186,11199
564.4526,3.186,11208
564.4526,3.186,11217
564.4526,3.186,11226
564.4526,3.186,11235
564.4526,3.186,11244
564.4526,3.186,11253
564.4526,3.186,11262
564.4526,3.186,11271
564.4526,3.186,11280
564.4526,3.186,11289
564.4526,3.186,11298
566.2837,3.186,11307
565.9785,3.186,11316
565.9785,3.186,11325
565.9785,3.186,11334
564.4526,3.186,11343
564.4526,3.186,11352
564.4526,3.186,11361
564.4526,3.186,11370
564.4526,3.186,11379
564.4526,3.186,11388
564.4526,3.186,11397
564.4526,3.186,11406
566.2837,3.186,11415
564.4526,3.186,11424
566.2837,3.186,11433
565.9785,3.186,11442
564.4526,3.186,11451
564.4526,3.186,11460
564.4526,3.186,11469
564.4526,3.186,11478
564.4526,3.186,11487
564.4526,3.186,11496
566.2837,3.186,11505
566.2837,3.186,11514
564.4526,3.186,11523
566.2837,3.186,11532
566.2837,3.186,11541
564.4526,3.186,11550
564.4526,3.186,11559
564.4526,3.186,11568
564.4526,3.186,11577
564.4526,3.186,11586
564.4526,3.186,11595
564.4526,3.186,11604
564.4526,3.186,11613
564.4526,3.186,11622
564.4526,3.186,11631
566.2837,3.186,11640
565.9785,3.186,11649
564.4526,3.186,11658
564.4526,3.186,11667
564.4526,3.186,11676
564.4526,3.186,11685
564.4526,3.186,11694
563.8423,3.186,11703
564.4526,3.186,11712
564.4526,3.186,11721
564.4526,3.186,11730
565.9785,3.186,11739
565.9785,3.186,11748
564.4526,3.186,11757
563.8423,3.186,11766
564.4526,3.186,11775
564.4526,3.186,11784
564.4526,3.186,11793
564.4526,3.186,11802
564.4526,3.186,11811
564.4526,3.186,11820
564.4526,3.186,11829
564.4526,3.186,11838
566.2837,3.186,11847
566.2837,3.186,11856
564.4526,3.186,11865
564.4526,3.186,11874
564.4526,3.186,11883
564.4526,3.186,11892
564.4526,3.186,11901
564.4526,3.186,11910
564.4526,3.186,11919
564.4526,3.186,11928
565.9785,3.186,11937
566.2837,3.186,11946
564.4526,3.186,11955
565.9785,3.186,11964
564.4526,3.186,11973
564.4526,3.186,11982
564.4526,3.186,11991
564.4526,3.186,12000
564.4526,3.186,12009
564.1475,3.186,12018
564.4526,3.186,12027
564.4526,3.186,12036
564.4526,3.186,12045
564.4526,3.186,12054
564.4526,3.186,12063
564.4526,3.186,12072
564.4526,3.186,12081
564.4526,3.186,12090
564.4526,3.186,12099
564.4526,3.186,12108
564.4526,3.186,12117
564.4526,3.186,12126
564.4526,3.186,12135
564.4526,3.186,12144
564.4526,3.186,12153
564.4526,3.186,12162
564.4526,3.186,12171
564.4526,3.186,12180
564.4526,3.186,12189
564.4526,3.186,12198
564.4526,3.186,12207
564.4526,3.186,12216
564.4526,3.186,12225
564.4526,3.186,12234
564.4526,3.186,12243
564.4526,3.186,12252
564.4526,3.186,12261
565.9785,3.186,12270
564.4526,3.186,12279
564.4526,3.186,12288
564.4526,3.186,12297
564.4526,3.186,12306
564.4526,3.186,12315
564.4526,3.186,12324
564.4526,3.186,12333
564.4526,3.186,12342
564.4526,3.186,12351
563.8423,3.186,12360
564.4526,3.186,12369
564.4526,3.186,12378
564.4526,3.186,12387
564.4526,3.186,12396
564.4526,3.186,12405
564.4526,3.186,12414
564.4526,3.186,12423
564.4526,3.186,12432
564.4526,3.186,12441
564.4526,3.186,12450
564.4526,3.186,12459
564.4526,3.186,12468
564.4526,3.186,12477
564.4526,3.186,12486
564.4526,3.186,12495
564.4526,3.186,12504
564.4526,3.186,12513
564.4526,3.186,12522
564.4526,3.186,12531
564.4526,3.186,12540
564.4526,3.186,12549
564.4526,3.186,12558
564.4526,3.186,12567
564.4526,3.186,12576
564.4526,3.186,12585
564.4526,3.186,12594
564.4526,3.186,12603
563.8423,3.186,12612
564.4526,3.186,12621
564.4526,3.186,12630
564.4526,3.186,12639
564.4526,3.186,12648
563.8423,3.186,12657
564.4526,3.186,12666
564.4526,3.186,12675
564.4526,3.186,12684
564.4526,3.186,12693
565.9785,3.186,12702
564.4526,3.186,12711
565.9785,3.186,12720
564.4526,3.186,12729
564.4526,3.186,12738
564.4526,3.186,12747
564.4526,3.186,12756
564.4526,3.186,12765
564.4526,3.186,12774
564.4526,3.186,12783
564.4526,3.186,12792
564.4526,3.186,12801
563.8423,3.186,12810
564.4526,3.186,12819
564.4526,3.186,12828
564.4526,3.186,12837
564.4526,3.186,12846
564.4526,3.186,12855
563.8423,3.186,12864
564.4526,3.186,12873
564.4526,3.186,12882
564.4526,3.186,12891
564.4526,3.186,12900
564.4526,3.186,12909
565.9785,3.186,12918
564.4526,3.186,12927
566.2837,3.186,12936
564.4526,3.186,12945
564.4526,3.186,12954
564.4526,3.186,12963
564.4526,3.186,12972
564.4526,3.186,12981
564.4526,3.186,12990
564.4526,3.186,12999
564.4526,3.186,13008
564.4526,3.186,13017
564.4526,3.186,13026
564.4526,3.186,13035
564.4526,3.186,13044
564.4526,3.186,13053
564.4526,3.186,13062
564.4526,3.186,13071
564.1475,3.186,13080
564.4526,3.186,13089
564.1475,3.186,13098
564.4526,3.186,13107
564.4526,3.186,13116
564.4526,3.186,13125
564.4526,3.186,13134
564.4526,3.186,13143
564.4526,3.186,13152
564.4526,3.186,13161
564.4526,3.186,13170
564.4526,3.186,13179
564.4526,3.186,13188
564.4526,3.186,13197
564.4526,3.186,13206
564.4526,3.186,13215
564.4526,3.186,13224
564.4526,3.186,13233
564.4526,3.186,13242
564.4526,3.186,13251
564.4526,3.186,13260
564.4526,3.186,13269
564.4526,3.186,13278
564.4526,3.186,13287
564.4526,3.186,13296
564.4526,3.186,13305
564.4526,3.186,13314
565.9785,3.186,13323
564.4526,3.186,13332
565.9785,3.186,13341
564.4526,3.186,13350
564.4526,3.186,13359
564.4526,3.186,13368
564.4526,3.186,13377
564.4526,3.186,13386
564.4526,3.186,13395
564.4526,3.186,13404
564.4526,3.186,13413
564.4526,3.186,13422
564.4526,3.186,13431
564.4526,3.186,13440
564.4526,3.186,13449
564.4526,3.186,13458
564.4526,3.186,13467
564.4526,3.186,13476
564.4526,3.186,13485
564.4526,3.186,13494
564.4526,3.186,13503
564.4526,3.186,13512
564.4526,3.186,13521
564.4526,3.186,13530
564.4526,3.186,13539
564.4526,3.186,13548
564.4526,3.186,13557
564.4526,3.186,13566
564.4526,3.186,13575
564.4526,3.186,13584
565.9785,3.186,13593
564.4526,3.186,13602
564.4526,3.186,13611
564.4526,3.186,13620
564.4526,3.186,13629
564.4526,3.186,13638
564.4526,3.186,13647
564.4526,3.186,13656
564.4526,3.186,13665
564.4526,3.186,13674
564.4526,3.186,13683
564.4526,3.186,13692
564.4526,3.186,13701
564.4526,3.186,13710
564.4526,3.186,13719
564.4526,3.186,13728
563.8423,3.186,13737
564.4526,3.186,13746
564.4526,3.186,13755
564.4526,3.186,13764
564.4526,3.186,13773
564.4526,3.186,13782
564.4526,3.186,13791
564.4526,3.186,13800
564.4526,3.186,13809
563.5371,3.186,13818
563.5371,3.186,13827
564.4526,3.186,13836
564.4526,3.186,13845
564.4526,3.186,13854
564.4526,3.186,13863
564.4526,3.186,13872
564.1475,3.186,13881
564.4526,3.186,13890
564.4526,3.186,13899
564.4526,3.186,13908
564.4526,3.186,13917
564.4526,3.186,13926
564.4526,3.186,13935
564.4526,3.186,13944
564.4526,3.186,13953
564.4526,3.186,13962
563.8423,3.186,13971
564.4526,3.186,13980
564.4526,3.186,13989
564.4526,3.186,13998
564.4526,3.186,14007
564.4526,3.186,14016
564.4526,3.186,14025
564.4526,3.186,14034
564.4526,3.186,14043
564.4526,3.186,14052
564.4526,3.186,14061
564.4526,3.186,14070
564.4526,3.186,14079
564.4526,3.186,14088
564.4526,3.186,14097
564.4526,3.186,14106
564.4526,3.186,14115
564.4526,3.186,14124
564.4526,3.186,14133
564.4526,3.186,14142
564.4526,3.186,14151
564.4526,3.186,14160
564.4526,3.186,14169
564.4526,3.186,14178
564.4526,3.186,14187
564.4526,3.186,14196
564.4526,3.186,14205
564.4526,3.186,14214
564.4526,3.186,14223
564.4526,3.186,14232
564.4526,3.186,14241
563.8423,3.186,14250
564.4526,3.186,14259
564.4526,3.186,14268
564.4526,3.186,14277
564.4526,3.186,14286
564.4526,3.186,14295
564.4526,3.186,14304
564.4526,3.186,14313
564.4526,3.186,14322
564.4526,3.186,14331
564.4526,3.186,14340
564.4526,3.186,14349
564.4526,3.186,14358
564.4526,3.186,14367
564.4526,3.186,14376
564.4526,3.186,14385
564.4526,3.186,14394
564.4526,3.186,14403
564.4526,3.186,14412
564.4526,3.186,14421
564.4526,3.186,14430
564.4526,3.186,14439
564.4526,3.186,14448
564.4526,3.186,14457
564.4526,3.186,14466
564.4526,3.186,14475
564.4526,3.186,14484
564.4526,3.186,14493
564.4526,3.186,14502
564.4526,3.186,14511
564.4526,3.186,14520
564.4526,3.186,14529
564.4526,3.186,14538
564.4526,3.186,14547
564.4526,3.186,14556
564.4526,3.186,14565
564.4526,3.186,14574
564.4526,3.186,14583
564.4526,3.186,14592
564.4526,3.186,14601
564.4526,3.186,14610
564.4526,3.186,14619
564.4526,3.186,14628
564.4526,3.186,14637
564.4526,3.186,14646
564.4526,3.186,14655
564.4526,3.186,14664
564.4526,3.186,14673
564.4526,3.186,14682
564.4526,3.186,14691
564.4526,3.186,14700
564.4526,3.186,14709
563.5371,3.186,14718
564.4526,3.186,14727
564.4526,3.186,14736
564.4526,3.186,14745
564.4526,3.186,14754
564.4526,3.186,14763
564.4526,3.186,14772
564.4526,3.186,14781
564.4526,3.186,14790
564.4526,3.186,14799
564.4526,3.186,14808
564.4526,3.186,14817
564.4526,3.186,14826
564.4526,3.186,14835
564.4526,3.186,14844
564.4526,3.186,14853
563.8423,3.186,14862
563.2319,3.186,14871
564.4526,3.186,14880
564.1475,3.186,14889
564.4526,3.186,14898
564.4526,3.186,14907
564.4526,3.186,14916
564.4526,3.186,14925
564.4526,3.186,14934
564.4526,3.186,14943
564.4526,3.186,14952
564.4526,3.186,14961
564.4526,3.186,14970
564.4526,3.186,14979
564.4526,3.186,14988
564.4526,3.186,14997
564.4526,3.186,15006
564.4526,3.186,15015
564.4526,3.186,15024
564.4526,3.186,15033
563.8423,3.186,15042
564.4526,3.186,15051
564.4526,3.186,15060
564.4526,3.186,15069
564.4526,3.186,15078
564.4526,3.186,15087
564.4526,3.186,15096
564.4526,3.186,15105
564.4526,3.186,15114
564.4526,3.186,15123
564.4526,3.186,15132
564.4526,3.186,15141
564.4526,3.186,15150
564.4526,3.186,15159
564.4526,3.186,15168
564.4526,3.186,15177
564.4526,3.186,15186
564.4526,3.186,15195
563.8423,3.186,15204
563.8423,3.186,15213
563.8423,3.186,15222
563.8423,3.186,15231
564.4526,3.186,15240
564.4526,3.186,15249
565.9785,3.186,15258
564.4526,3.186,15267
564.4526,3.186,15276
564.4526,3.186,15285
564.4526,3.186,15294
564.4526,3.186,15303
564.4526,3.186,15312
564.4526,3.186,15321
564.4526,3.186,15330
564.4526,3.186,15339
564.4526,3.186,15348
564.4526,3.186,15357
564.4526,3.186,15366
564.4526,3.186,15375
563.8423,3.186,15384
564.4526,3.186,15393
564.4526,3.186,15402
564.4526,3.186,15411
564.4526,3.186,15420
564.4526,3.186,15429
564.4526,3.186,15438
564.4526,3.186,15447
564.4526,3.186,15456
564.4526,3.186,15465
564.4526,3.186,15474
564.4526,3.186,15483
564.4526,3.186,15492
564.4526,3.186,15501
564.1475,3.186,15510
564.4526,3.186,15519
564.4526,3.186,15528
564.4526,3.186,15537
564.4526,3.186,15546
564.4526,3.186,15555
564.4526,3.186,15564
564.4526,3.186,15573
564.4526,3.186,15582
564.4526,3.186,15591
564.4526,3.186,15600
564.4526,3.186,15609
564.4526,3.186,15618
564.4526,3.186,15627
563.5371,3.186,15636
564.4526,3.186,15645
564.4526,3.186,15654
564.4526,3.186,15663
564.4526,3.186,15672
564.4526,3.186,15681
564.4526,3.186,15690
564.4526,3.186,15699
564.4526,3.186,15708
564.4526,3.186,15717
564.4526,3.186,15726
564.4526,3.186,15735
564.4526,3.186,15744
564.4526,3.186,15753
564.4526,3.186,15762
564.4526,3.186,15771
564.4526,3.186,15780
564.4526,3.186,15789
564.4526,3.186,15798
564.4526,3.186,15807
564.4526,3.186,15816
564.4526,3.186,15825
564.4526,3.186,15834
564.4526,3.186,15843
564.4526,3.186,15852
564.4526,3.186,15861
564.4526,3.186,15870
564.4526,3.186,15879
564.4526,3.186,15888
564.4526,3.186,15897
564.4526,3.186,15906
564.4526,3.186,15915
564.4526,3.186,15924
564.4526,3.186,15933
564.4526,3.186,15942
564.4526,3.186,15951
564.4526,3.186,15960
564.4526,3.186,15969
564.4526,3.186,15978
563.5371,3.186,15987
563.8423,3.186,15996
564.4526,3.186,16005
564.4526,3.186,16014
564.4526,3.186,16023
564.4526,3.186,16032
563.8423,3.186,16041
564.4526,3.186,16050
564.4526,3.186,16059
564.4526,3.186,16068
564.4526,3.186,16077
564.4526,3.186,16086
564.4526,3.186,16095
564.4526,3.186,16104
564.4526,3.186,16113
564.4526,3.186,16122
564.4526,3.186,16131
564.1475,3.186,16140
564.4526,3.186,16149
564.4526,3.186,16158
564.4526,3.186,16167
564.4526,3.186,16176
564.4526,3.186,16185
564.4526,3.186,16194
564.4526,3.186,16203
564.4526,3.186,16212
564.4526,3.186,16221
564.4526,3.186,16230
564.4526,3.186,16239
564.4526,3.186,16248
564.4526,3.186,16257
564.4526,3.186,16266
564.4526,3.186,16275
564.4526,3.186,16284
564.4526,3.186,16293
564.4526,3.186,16302
564.4526,3.186,16311
564.4526,3.186,16320
564.4526,3.186,16329
565.9785,3.186,16338
564.4526,3.186,16347
564.4526,3.186,16356
564.4526,3.186,16365
564.4526,3.186,16374
564.4526,3.186,16383
564.4526,3.186,16392
564.1475,3.186,16401
564.1475,3.186,16410
564.4526,3.186,16419
564.4526,3.186,16428
564.4526,3.186,16437
564.4526,3.186,16446
564.4526,3.186,16455
564.4526,3.186,16464
564.4526,3.186,16473
564.4526,3.186,16482
564.4526,3.186,16491
564.4526,3.186,16500
564.4526,3.186,16509
564.4526,3.186,16518
564.4526,3.186,16527
564.4526,3.186,16536
564.4526,3.186,16545
564.4526,3.186,16554
564.1475,3.186,16563
564.4526,3.186,16572
564.4526,3.186,16581
564.4526,3.186,16590
564.4526,3.186,16599
564.4526,3.186,16608
564.4526,3.186,16617
564.1475,3.186,16626
564.4526,3.186,16635
564.4526,3.186,16644
564.4526,3.186,16653
564.4526,3.186,16662
564.4526,3.186,16671
563.8423,3.186,16680
564.4526,3.186,16689
564.4526,3.186,16698
564.4526,3.186,16707
564.4526,3.186,16716
563.2319,3.186,16725
564.4526,3.186,16734
564.4526,3.186,16743
564.4526,3.186,16752
564.4526,3.186,16761
564.4526,3.186,16770
564.4526,3.186,16779
564.4526,3.186,16788
564.4526,3.186,16797
564.4526,3.186,16806
564.4526,3.186,16815
564.4526,3.186,16824
564.4526,3.186,16833
564.4526,3.186,16842
564.4526,3.186,16851
564.4526,3.186,16860
563.8423,3.186,16869
563.5371,3.186,16878
564.4526,3.186,16887
564.4526,3.186,16896
564.4526,3.186,16905
564.4526,3.186,16914
564.4526,3.186,16923
564.4526,3.186,16932
564.4526,3.186,16941
564.4526,3.186,16950
564.4526,3.186,16959
564.4526,3.186,16968
566.2837,3.186,16977
564.4526,3.186,16986
564.4526,3.186,16995
563.5371,3.186,17004
564.4526,3.186,17013
564.4526,3.186,17022
564.4526,3.186,17031
563.8423,3.186,17040
564.4526,3.186,17049
564.4526,3.186,17058
564.4526,3.186,17067
564.4526,3.186,17076
564.4526,3.186,17085
564.4526,3.186,17094
564.4526,3.186,17103
564.1475,3.186,17112
564.4526,3.186,17121
564.4526,3.186,17130
563.8423,3.186,17139
563.5371,3.186,17148
563.5371,3.186,17157
563.8423,3.186,17166
564.4526,3.186,17175
564.4526,3.186,17184
564.4526,3.186,17193
564.4526,3.186,17202
564.4526,3.186,17211
563.8423,3.186,17220
564.4526,3.186,17229
564.4526,3.186,17238
564.4526,3.186,17247
564.4526,3.186,17256
564.4526,3.186,17265
564.4526,3.186,17274
564.1475,3.186,17283
562.6216,3.186,17292
564.4526,3.186,17301
564.4526,3.186,17310
564.4526,3.186,17319
564.4526,3.186,17328
564.4526,3.186,17337
564.4526,3.186,17346
564.4526,3.186,17355
563.8423,3.186,17364
564.4526,3.186,17373
564.4526,3.186,17382
563.2319,3.186,17391
563.5371,3.186,17400
564.4526,3.186,17409
564.4526,3.186,17418
564.4526,3.186,17427
564.4526,3.186,17436
564.4526,3.186,17445
564.4526,3.186,17454
564.4526,3.186,17463
564.4526,3.186,17472
564.4526,3.186,17481
564.4526,3.186,17490
564.4526,3.186,17499
564.4526,3.186,17508
564.4526,3.186,17517
564.4526,3.186,17526
564.4526,3.186,17535
564.4526,3.186,17544
564.4526,3.186,17553
564.4526,3.186,17562
564.4526,3.186,17571
564.4526,3.186,17580
564.4526,3.186,17589
564.4526,3.186,17598
564.4526,3.186,17607
564.4526,3.186,17616
564.4526,3.186,17625
564.4526,3.186,17634
564.4526,3.186,17643
564.4526,3.186,17652
564.4526,3.186,17661
564.1475,3.186,17670
564.4526,3.186,17679
564.4526,3.186,17688
564.4526,3.186,17697
564.4526,3.186,17706
564.4526,3.186,17715
564.4526,3.186,17724
564.4526,3.186,17733
563.8423,3.186,17742
564.4526,3.186,17751
564.4526,3.186,17760
564.4526,3.186,17769
564.4526,3.186,17778
564.4526,3.186,17787
564.1475,3.186,17796
564.1475,3.186,17805
564.1475,3.186,17814
564.4526,3.186,17823
564.4526,3.186,17832
563.8423,3.186,17841
563.2319,3.186,17850
564.4526,3.186,17859
563.8423,3.186,17868
564.4526,3.186,17877
564.4526,3.186,17886
564.1475,3.186,17895
563.8423,3.186,17904
563.2319,3.186,17913
563.5371,3.186,17922
563.2319,3.186,17931
563.2319,3.186,17940
564.4526,3.186,17949
564.4526,3.186,17958
564.4526,3.186,17967
564.4526,3.186,17976
564.4526,3.186,17985
564.4526,3.186,17994
564.4526,3.186,18003
564.4526,3.186,18012
564.4526,3.186,18021
563.8423,3.186,18030
563.5371,3.186,18039
563.5371,3.186,18048
563.5371,3.186,18057
564.4526,3.186,18066
564.4526,3.186,18075
563.8423,3.186,18084
563.2319,3.186,18093
564.4526,3.186,18102
564.4526,3.186,18111
564.1475,3.186,18120
564.4526,3.186,18129
563.2319,3.186,18138
562.6216,3.186,18147
563.2319,3.186,18156
563.5371,3.186,18165
563.8423,3.186,18174
563.8423,3.186,18183
564.4526,3.186,18192
564.4526,3.186,18201
564.4526,3.186,18210
564.4526,3.186,18219
564.4526,3.186,18228
564.1475,3.186,18237
564.4526,3.186,18246
563.8423,3.186,18255
564.4526,3.186,18264
564.4526,3.186,18273
564.4526,3.186,18282
564.4526,3.186,18291
564.4526,3.186,18300
563.8423,3.186,18309
564.1475,3.186,18318
564.1475,3.186,18327
563.8423,3.186,18336
564.4526,3.186,18345
564.4526,3.186,18354
564.4526,3.186,18363
564.1475,3.186,18372
563.8423,3.186,18381
563.8423,3.186,18390
564.1475,3.186,18399
564.1475,3.186,18408
564.4526,3.186,18417
564.4526,3.186,18426
564.4526,3.186,18435
564.4526,3.186,18444
564.4526,3.186,18453
564.4526,3.186,18462
564.4526,3.186,18471
564.4526,3.186,18480
564.4526,3.186,18489
563.8423,3.186,18498
564.4526,3.186,18507
564.4526,3.186,18516
564.1475,3.186,18525
564.4526,3.186,18534
564.4526,3.186,18543
564.4526,3.186,18552
564.4526,3.186,18561
564.4526,3.186,18570
563.5371,3.186,18579
563.2319,3.186,18588
563.5371,3.186,18597
562.6216,3.186,18606
563.5371,3.186,18615
564.1475,3.186,18624
564.4526,3.186,18633
564.4526,3.186,18642
564.1475,3.186,18651
564.4526,3.186,18660
563.5371,3.186,18669
563.5371,3.186,18678
564.4526,3.186,18687
564.4526,3.186,18696
564.4526,3.186,18705
563.8423,3.186,18714
564.4526,3.186,18723
564.1475,3.186,18732
564.4526,3.186,18741
564.4526,3.186,18750
564.4526,3.186,18759
564.4526,3.186,18768
564.4526,3.186,18777
564.4526,3.186,18786
564.4526,3.186,18795
564.4526,3.186,18804
564.4526,3.186,18813
564.1475,3.186,18822
564.4526,3.186,18831
564.4526,3.186,18840
564.4526,3.186,18849
564.4526,3.186,18858
564.4526,3.186,18867
563.5371,3.186,18876
564.4526,3.186,18885
564.4526,3.186,18894
564.4526,3.186,18903
564.1475,3.186,18912
564.4526,3.186,18921
564.4526,3.186,18930
564.4526,3.186,18939
564.4526,3.186,18948
564.4526,3.186,18957
564.4526,3.186,18966
563.5371,3.186,18975
564.1475,3.186,18984
564.1475,3.186,18993
564.4526,3.186,19002
564.4526,3.186,19011
564.4526,3.186,19020
564.4526,3.186,19029
564.4526,3.186,19038
564.4526,3.186,19047
564.4526,3.186,19056
564.4526,3.186,19065
564.4526,3.186,19074
563.2319,3.186,19083
563.5371,3.186,19092
563.8423,3.186,19101
564.4526,3.186,19110
564.1475,3.186,19119
564.1475,3.186,19128
564.4526,3.186,19137
564.4526,3.186,19146
563.8423,3.186,19155
564.4526,3.186,19164
564.4526,3.186,19173
562.0112,3.186,19182
563.2319,3.186,19191
563.2319,3.186,19200
562.0112,3.186,19209
563.2319,3.186,19218
563.5371,3.186,19227
563.8423,3.186,19236
564.4526,3.186,19245
563.8423,3.186,19254
563.8423,3.186,19263
563.8423,3.186,19272
563.5371,3.186,19281
563.5371,3.186,19290
563.8423,3.186,19299
564.4526,3.186,19308
564.4526,3.186,19317
563.5371,3.186,19326
563.5371,3.186,19335
562.6216,3.186,19344
563.2319,3.186,19353
562.6216,3.186,19362
562.6216,3.186,19371
562.6216,3.186,19380
563.5371,3.186,19389
562.6216,3.186,19398
564.4526,3.186,19407
564.4526,3.186,19416
564.4526,3.186,19425
564.1475,3.186,19434
564.4526,3.186,19443
564.4526,3.186,19452
562.0112,3.186,19461
564.4526,3.186,19470
563.5371,3.186,19479
564.4526,3.186,19488
564.4526,3.186,19497
563.5371,3.186,19506
563.8423,3.186,19515
562.6216,3.186,19524
563.5371,3.186,19533
563.2319,3.186,19542
563.5371,3.186,19551
563.2319,3.186,19560
562.0112,3.186,19569
562.6216,3.186,19578
562.0112,3.186,19587
563.2319,3.186,19596
563.2319,3.186,19605
562.6216,3.186,19614
562.6216,3.186,19623
563.5371,3.186,19632
563.5371,3.186,19641
563.8423,3.186,19650
563.5371,3.186,19659
563.5371,3.186,19668
564.4526,3.186,19677
563.8423,3.186,19686
564.4526,3.186,19695
564.1475,3.186,19704
563.8423,3.186,19713
563.8423,3.186,19722
563.2319,3.186,19731
562.6216,3.186,19740
563.8423,3.186,19749
564.4526,3.186,19758
563.8423,3.186,19767
563.5371,3.186,19776
562.6216,3.186,19785
563.2319,3.186,19794
563.8423,3.186,19803
563.8423,3.186,19812
563.8423,3.186,19821
563.8423,3.186,19830
563.5371,3.186,19839
564.1475,3.186,19848
564.4526,3.186,19857
564.4526,3.186,19866
564.4526,3.186,19875
563.8423,3.186,19884
562.0112,3.186,19893
563.5371,3.186,19902
562.0112,3.186,19911
563.5371,3.186,19920
562.6216,3.186,19929
562.6216,3.186,19938
563.2319,3.186,19947
562.6216,3.186,19956
563.5371,3.186,19965
564.4526,3.186,19974
564.1475,3.186,19983
564.4526,3.186,19992
564.4526,3.186,20001
564.4526,3.186,20010
564.4526,3.186,20019
563.8423,3.186,20028
564.1475,3.186,20037
563.5371,3.186,20046
564.1475,3.186,20055
563.5371,3.186,20064
563.8423,3.186,20073
564.1475,3.186,20082
563.5371,3.186,20091
563.5371,3.186,20100
563.5371,3.186,20109
562.0112,3.186,20118
562.0112,3.186,20127
564.1475,3.186,20136
564.4526,3.186,20145
564.4526,3.186,20154
563.5371,3.186,20163
564.4526,3.186,20172
564.4526,3.186,20181
564.4526,3.186,20190
564.4526,3.186,20199
564.4526,3.186,20208
563.8423,3.186,20217
563.2319,3.186,20226
563.5371,3.186,20235
563.5371,3.186,20244
563.5371,3.186,20253
563.5371,3.186,20262
563.2319,3.186,20271
564.1475,3.186,20280
562.0112,3.186,20289
564.1475,3.186,20298
563.5371,3.186,20307
563.5371,3.186,20316
563.2319,3.186,20325
563.2319,3.186,20334
563.2319,3.186,20343
563.2319,3.186,20352
563.2319,3.186,20361
563.5371,3.186,20370
563.5371,3.186,20379
563.8423,3.186,20388
563.5371,3.186,20397
564.1475,3.186,20406
563.8423,3.186,20415
563.5371,3.186,20424
563.5371,3.186,20433
563.5371,3.186,20442
563.5371,3.186,20451
563.8423,3.186,20460
564.1475,3.186,20469
564.4526,3.186,20478
564.4526,3.186,20487
564.4526,3.186,20496
564.4526,3.186,20505
564.4526,3.186,20514
564.4526,3.186,20523
564.4526,3.186,20532
564.1475,3.186,20541
564.4526,3.186,20550
564.4526,3.186,20559
564.4526,3.186,20568
564.4526,3.186,20577
564.4526,3.186,20586
564.4526,3.186,20595
564.4526,3.186,20604
563.8423,3.186,20613
563.5371,3.186,20622
562.6216,3.186,20631
562.0112,3.186,20640
563.5371,3.186,20649
563.5371,3.186,20658
563.8423,3.186,20667
564.4526,3.186,20676
564.1475,3.186,20685
564.4526,3.186,20694
564.4526,3.186,20703
564.4526,3.186,20712
564.4526,3.186,20721
563.8423,3.186,20730
563.5371,3.186,20739
563.5371,3.186,20748
562.0112,3.186,20757
563.5371,3.186,20766
562.6216,3.186,20775
562.6216,3.186,20784
563.2319,3.186,20793
563.8423,3.186,20802
563.8423,3.186,20811
563.8423,3.186,20820
563.5371,3.186,20829
564.1475,3.186,20838
563.5371,3.186,20847
562.6216,3.186,20856
564.4526,3.186,20865
564.4526,3.186,20874
564.4526,3.186,20883
563.5371,3.186,20892
563.5371,3.186,20901
562.0112,3.186,20910
563.5371,3.186,20919
563.5371,3.186,20928
563.8423,3.186,20937
563.5371,3.186,20946
563.5371,3.186,20955
564.1475,3.186,20964
564.1475,3.186,20973
563.8423,3.186,20982
564.4526,3.186,20991
564.4526,3.186,21000
563.8423,3.186,21009
564.1475,3.186,21018
564.1475,3.186,21027
564.1475,3.186,21036
564.4526,3.186,21045
563.8423,3.186,21054
564.4526,3.186,21063
564.4526,3.186,21072
564.1475,3.186,21081
563.8423,3.186,21090
563.8423,3.186,21099
563.5371,3.186,21108
563.5371,3.186,21117
564.1475,3.186,21126
564.4526,3.186,21135
563.8423,3.186,21144
563.8423,3.186,21153
564.4526,3.186,21162
564.4526,3.186,21171
564.1475,3.186,21180
564.1475,3.186,21189
563.5371,3.186,21198
562.6216,3.186,21207
563.5371,3.186,21216
563.5371,3.186,21225
563.5371,3.186,21234
564.1475,3.186,21243
564.4526,3.186,21252
563.8423,3.186,21261
563.8423,3.186,21270
564.1475,3.186,21279
563.8423,3.186,21288
563.5371,3.186,21297
563.8423,3.186,21306
563.5371,3.186,21315
563.5371,3.186,21324
563.8423,3.186,21333
562.6216,3.186,21342
564.4526,3.186,21351
564.4526,3.186,21360
564.1475,3.186,21369
564.4526,3.186,21378
563.2319,3.186,21387
563.5371,3.186,21396
563.5371,3.186,21405
563.5371,3.186,21414
563.5371,3.186,21423
563.5371,3.186,21432
562.0112,3.186,21441
564.1475,3.186,21450
564.4526,3.186,21459
564.4526,3.186,21468
564.4526,3.186,21477
563.8423,3.186,21486
563.5371,3.186,21495
564.1475,3.186,21504
563.5371,3.186,21513
563.2319,3.186,21522
563.2319,3.186,21531
563.2319,3.186,21540
563.5371,3.186,21549
563.8423,3.186,21558
563.5371,3.186,21567
564.1475,3.186,21576
563.8423,3.186,21585
563.8423,3.186,21594
563.5371,3.186,21603
563.2319,3.186,21612
563.5371,3.186,21621
563.2319,3.186,21630
562.6216,3.186,21639
563.5371,3.186,21648
564.1475,3.186,21657
563.5371,3.186,21666
563.5371,3.186,21675
563.8423,3.186,21684
564.1475,3.186,21693
563.5371,3.186,21702
563.8423,3.186,21711
564.4526,3.186,21720
563.8423,3.186,21729
563.5371,3.186,21738
564.4526,3.186,21747
564.4526,3.186,21756
563.8423,3.186,21765
564.4526,3.186,21774
563.5371,3.186,21783
564.4526,3.186,21792
564.4526,3.186,21801
564.4526,3.186,21810
564.4526,3.186,21819
564.1475,3.186,21828
563.5371,3.186,21837
563.8423,3.186,21846
563.5371,3.186,21855
563.5371,3.186,21864
563.5371,3.186,21873
563.5371,3.186,21882
563.8423,3.186,21891
563.5371,3.186,21900
563.2319,3.186,21909
563.2319,3.186,21918
563.2319,3.186,21927
563.8423,3.186,21936
563.8423,3.186,21945
563.2319,3.186,21954
563.8423,3.186,21963
562.6216,3.186,21972
562.0112,3.186,21981
563.5371,3.186,21990
563.5371,3.186,21999
563.2319,3.186,22008
563.8423,3.186,22017
563.8423,3.186,22026
563.8423,3.186,22035
564.1475,3.186,22044
563.5371,3.186,22053
563.5371,3.186,22062
562.6216,3.186,22071
562.6216,3.186,22080
563.2319,3.186,22089
563.8423,3.186,22098
564.1475,3.186,22107
564.4526,3.186,22116
562.6216,3.186,22125
564.4526,3.186,22134
563.8423,3.186,22143
563.5371,3.186,22152
563.5371,3.186,22161
563.2319,3.186,22170
562.6216,3.186,22179
563.5371,3.186,22188
563.2319,3.186,22197
562.6216,3.186,22206
563.2319,3.186,22215
563.2319,3.186,22224
563.5371,3.186,22233
564.1475,3.186,22242
564.4526,3.186,22251
563.5371,3.186,22260
564.4526,3.186,22269
564.4526,3.186,22278
564.4526,3.186,22287
563.5371,3.186,22296
562.6216,3.186,22305
563.2319,3.186,22314
562.6216,3.186,22323
563.2319,3.186,22332
563.5371,3.186,22341
563.8423,3.186,22350
562.6216,3.186,22359
563.5371,3.186,22368
563.5371,3.186,22377
563.5371,3.186,22386
563.2319,3.186,22395
563.5371,3.186,22404
562.6216,3.186,22413
563.8423,3.186,22422
564.1475,3.186,22431
563.8423,3.186,22440
563.5371,3.186,22449
563.5371,3.186,22458
563.5371,3.186,22467
563.8423,3.186,22476
563.8423,3.186,22485
564.4526,3.186,22494
564.4526,3.186,22503
564.1475,3.186,22512
563.8423,3.186,22521
564.1475,3.186,22530
563.8423,3.186,22539
563.2319,3.186,22548
563.5371,3.186,22557
563.8423,3.186,22566
563.8423,3.186,22575
564.4526,3.186,22584
564.1475,3.186,22593
563.5371,3.186,22602
563.8423,3.186,22611
563.8423,3.186,22620
563.5371,3.186,22629
563.8423,3.186,22638
562.6216,3.186,22647
564.4526,3.186,22656
563.8423,3.186,22665
563.8423,3.186,22674
563.5371,3.186,22683
563.2319,3.186,22692
563.2319,3.186,22701
563.2319,3.186,22710
563.2319,3.186,22719
562.6216,3.186,22728
563.2319,3.186,22737
563.5371,3.186,22746
564.1475,3.186,22755
563.8423,3.186,22764
563.8423,3.186,22773
564.4526,3.186,22782
563.5371,3.186,22791
564.1475,3.186,22800
564.1475,3.186,22809
564.1475,3.186,22818
563.5371,3.186,22827
563.5371,3.186,22836
563.5371,3.186,22845
564.1475,3.186,22854
564.1475,3.186,22863
562.6216,3.186,22872
564.1475,3.186,22881
563.5371,3.186,22890
562.6216,3.186,22899
562.6216,3.186,22908
563.2319,3.186,22917
563.5371,3.186,22926
563.8423,3.186,22935
563.8423,3.186,22944
563.8423,3.186,22953
562.6216,3.186,22962
562.6216,3.186,22971
563.2319,3.186,22980
563.5371,3.186,22989
563.5371,3.186,22998
563.5371,3.186,23007
563.2319,3.186,23016
562.0112,3.186,23025
563.2319,3.186,23034
563.2319,3.186,23043
563.2319,3.186,23052
563.5371,3.186,23061
563.2319,3.186,23070
563.5371,3.186,23079
563.2319,3.186,23088
562.0112,3.186,23097
562.6216,3.186,23106
563.2319,3.186,23115
562.0112,3.186,23124
562.6216,3.186,23133
562.6216,3.186,23142
563.5371,3.186,23151
563.8423,3.186,23160
563.5371,3.186,23169
563.2319,3.186,23178
563.5371,3.186,23187
562.6216,3.186,23196
563.5371,3.186,23205
563.5371,3.186,23214
563.2319,3.186,23223
563.8423,3.186,23232
563.5371,3.186,23241
563.8423,3.186,23250
563.8423,3.186,23259
563.5371,3.186,23268
563.2319,3.186,23277
563.2319,3.186,23286
562.6216,3.186,23295
563.2319,3.186,23304
562.0112,3.186,23313
563.2319,3.186,23322
563.2319,3.186,23331
563.5371,3.186,23340
564.1475,3.186,23349
562.0112,3.186,23358
563.5371,3.186,23367
563.5371,3.186,23376
563.8423,3.186,23385
563.2319,3.186,23394
563.5371,3.186,23403
562.6216,3.186,23412
562.6216,3.186,23421
563.2319,3.186,23430
562.6216,3.186,23439
562.6216,3.186,23448
563.2319,3.186,23457
563.8423,3.186,23466
563.8423,3.186,23475
564.4526,3.186,23484
564.4526,3.186,23493
564.1475,3.186,23502
564.1475,3.186,23511
563.5371,3.186,23520
563.5371,3.186,23529
563.2319,3.186,23538
563.5371,3.186,23547
563.5371,3.186,23556
563.5371,3.186,23565
562.0112,3.186,23574
562.6216,3.186,23583
563.2319,3.186,23592
563.8423,3.186,23601
563.5371,3.186,23610
563.5371,3.186,23619
562.6216,3.186,23628
563.2319,3.186,23637
563.5371,3.186,23646
563.5371,3.186,23655
563.5371,3.186,23664
563.2319,3.186,23673
562.0112,3.186,23682
563.2319,3.186,23691
563.2319,3.186,23700
563.5371,3.186,23709
563.8423,3.186,23718
563.8423,3.186,23727
563.2319,3.186,23736
563.5371,3.186,23745
563.5371,3.186,23754
562.6216,3.186,23763
562.0112,3.186,23772
562.0112,3.186,23781
562.6216,3.186,23790
562.0112,3.186,23799
562.0112,3.186,23808
563.2319,3.186,23817
562.6216,3.186,23826
563.5371,3.186,23835
563.5371,3.186,23844
563.2319,3.186,23853
563.2319,3.186,23862
563.8423,3.186,23871
563.5371,3.186,23880
563.8423,3.186,23889
563.5371,3.186,23898
563.2319,3.186,23907
562.6216,3.186,23916
559.5698,3.186,23925
562.6216,3.186,23934
562.0112,3.186,23943
562.0112,3.186,23952
562.0112,3.186,23961
563.8423,3.186,23970
563.8423,3.186,23979
563.5371,3.186,23988
563.5371,3.186,23997
563.5371,3.186,24006
562.6216,3.186,24015
562.6216,3.186,24024
563.2319,3.186,24033
562.6216,3.186,24042
562.6216,3.186,24051
562.6216,3.186,24060
563.2319,3.186,24069
562.6216,3.186,24078
562.6216,3.186,24087
563.8423,3.186,24096
563.8423,3.186,24105
563.8423,3.186,24114
563.5371,3.186,24123
563.5371,3.186,24132
563.5371,3.186,24141
563.5371,3.186,24150
563.2319,3.186,24159
562.6216,3.186,24168
562.6216,3.186,24177
563.2319,3.186,24186
562.0112,3.186,24195
563.2319,3.186,24204
563.2319,3.186,24213
563.2319,3.186,24222
562.6216,3.186,24231
563.2319,3.186,24240
562.0112,3.186,24249
563.8423,3.186,24258
563.5371,3.186,24267
563.8423,3.186,24276
563.8423,3.186,24285
562.6216,3.186,24294
563.5371,3.186,24303
562.6216,3.186,24312
562.0112,3.186,24321
562.0112,3.186,24330
563.2319,3.186,24339
563.2319,3.186,24348
563.5371,3.186,24357
563.2319,3.186,24366
563.2319,3.186,24375
563.5371,3.186,24384
563.5371,3.186,24393
563.5371,3.186,24402
563.2319,3.186,24411
562.0112,3.186,24420
562.0112,3.186,24429
562.0112,3.186,24438
563.5371,3.186,24447
563.2319,3.186,24456
563.8423,3.186,24465
563.8423,3.186,24474
563.5371,3.186,24483
563.5371,3.186,24492
563.8423,3.186,24501
564.1475,3.186,24510
564.4526,3.186,24519
564.4526,3.186,24528
563.5371,3.186,24537
563.5371,3.186,24546
563.5371,3.186,24555
562.6216,3.186,24564
563.2319,3.186,24573
562.0112,3.186,24582
563.8423,3.186,24591
563.5371,3.186,24600
563.5371,3.186,24609
563.8423,3.186,24618
564.4526,3.186,24627
564.1475,3.186,24636
562.6216,3.186,24645
563.5371,3.186,24654
563.5371,3.186,24663
562.0112,3.186,24672
562.6216,3.186,24681
562.6216,3.186,24690
562.0112,3.186,24699
562.6216,3.186,24708
563.5371,3.186,24717
563.2319,3.186,24726
562.6216,3.186,24735
563.5371,3.186,24744
563.5371,3.186,24753
563.2319,3.186,24762
563.5371,3.186,24771
563.8423,3.186,24780
564.1475,3.186,24789
563.8423,3.186,24798
563.5371,3.186,24807
563.2319,3.186,24816
562.6216,3.186,24825
563.5371,3.186,24834
563.5371,3.186,24843
563.2319,3.186,24852
563.2319,3.186,24861
563.2319,3.186,24870
563.5371,3.186,24879
563.2319,3.186,24888
562.6216,3.186,24897
562.0112,3.186,24906
562.6216,3.186,24915
562.6216,3.186,24924
563.5371,3.186,24933
562.6216,3.186,24942
563.5371,3.186,24951
562.0112,3.186,24960
562.0112,3.186,24969
562.0112,3.186,24978
562.0112,3.186,24987
562.0112,3.186,24996
563.5371,3.186,25005
563.5371,3.186,25014
562.6216,3.186,25023
562.0112,3.186,25032
562.0112,3.186,25041
562.6216,3.186,25050
563.2319,3.186,25059
563.5371,3.186,25068
563.5371,3.186,25077
563.5371,3.186,25086
563.5371,3.186,25095
562.6216,3.186,25104
563.2319,3.186,25113
563.2319,3.186,25122
562.6216,3.186,25131
563.2319,3.186,25140
562.0112,3.186,25149
562.0112,3.186,25158
562.0112,3.186,25167
562.0112,3.186,25176
562.6216,3.186,25185
562.6216,3.186,25194
562.0112,3.186,25203
563.2319,3.186,25212
562.6216,3.186,25221
562.6216,3.186,25230
562.6216,3.186,25239
562.6216,3.186,25248
563.5371,3.186,25257
562.6216,3.186,25266
563.5371,3.186,25275
563.2319,3.186,25284
563.2319,3.186,25293
562.6216,3.186,25302
563.2319,3.186,25311
562.6216,3.186,25320
563.5371,3.186,25329
563.5371,3.186,25338
563.5371,3.186,25347
563.2319,3.186,25356
562.0112,3.186,25365
563.2319,3.186,25374
563.5371,3.186,25383
562.6216,3.186,25392
563.5371,3.186,25401
563.2319,3.186,25410
563.8423,3.186,25419
563.5371,3.186,25428
562.6216,3.186,25437
562.6216,3.186,25446
562.6216,3.186,25455
562.6216,3.186,25464
562.0112,3.186,25473
561.4009,3.186,25482
562.6216,3.186,25491
563.2319,3.186,25500
563.5371,3.186,25509
563.8423,3.186,25518
564.1475,3.186,25527
563.8423,3.186,25536
563.2319,3.186,25545
563.5371,3.186,25554
563.5371,3.186,25563
563.5371,3.186,25572
563.2319,3.186,25581
563.8423,3.186,25590
563.5371,3.186,25599
562.6216,3.186,25608
563.5371,3.186,25617
563.5371,3.186,25626
563.5371,3.186,25635
563.5371,3.186,25644
562.0112,3.186,25653
563.2319,3.186,25662
563.5371,3.186,25671
563.5371,3.186,25680
563.5371,3.186,25689
563.5371,3.186,25698
562.0112,3.186,25707
563.8423,3.186,25716
564.1475,3.186,25725
563.5371,3.186,25734
563.8423,3.186,25743
563.8423,3.186,25752
563.5371,3.186,25761
562.6216,3.186,25770
563.5371,3.186,25779
563.2319,3.186,25788
562.6216,3.186,25797
562.0112,3.186,25806
562.0112,3.186,25815
561.4009,3.186,25824
562.0112,3.186,25833
562.0112,3.186,25842
562.0112,3.186,25851
562.0112,3.186,25860
562.6216,3.186,25869
563.5371,3.186,25878
562.6216,3.186,25887
563.5371,3.186,25896
562.0112,3.186,25905
562.0112,3.186,25914
562.6216,3.186,25923
562.6216,3.186,25932
562.6216,3.186,25941
562.0112,3.186,25950
562.6216,3.186,25959
562.0112,3.186,25968
562.0112,3.186,25977
563.2319,3.186,25986
562.6216,3.186,25995
562.6216,3.186,26004
563.5371,3.186,26013
563.5371,3.186,26022
563.5371,3.186,26031
563.5371,3.186,26040
563.5371,3.186,26049
563.5371,3.186,26058
563.5371,3.186,26067
562.0112,3.186,26076
563.2319,3.186,26085
562.0112,3.186,26094
563.5371,3.186,26103
563.5371,3.186,26112
564.4526,3.186,26121
564.4526,3.186,26130
562.6216,3.186,26139
564.1475,3.186,26148
564.4526,3.186,26157
564.4526,3.186,26166
564.4526,3.186,26175
564.1475,3.186,26184
563.5371,3.186,26193
562.0112,3.186,26202
563.5371,3.186,26211
563.5371,3.186,26220
563.2319,3.186,26229
563.8423,3.186,26238
563.2319,3.186,26247
563.2319,3.186,26256
559.5698,3.186,26265
562.6216,3.186,26274
562.0112,3.186,26283
562.0112,3.186,26292
562.0112,3.186,26301
562.6216,3.186,26310
562.6216,3.186,26319
562.6216,3.186,26328
562.6216,3.186,26337
563.2319,3.186,26346
563.2319,3.186,26355
563.8423,3.186,26364
563.8423,3.186,26373
563.8423,3.186,26382
563.2319,3.186,26391
563.5371,3.186,26400
563.8423,3.186,26409
563.5371,3.186,26418
563.5371,3.186,26427
562.0112,3.186,26436
563.5371,3.186,26445
563.2319,3.186,26454
562.6216,3.186,26463
562.0112,3.186,26472
562.0112,3.186,26481
562.6216,3.186,26490
562.6216,3.186,26499
562.0112,3.186,26508
562.6216,3.186,26517
562.6216,3.186,26526
562.6216,3.186,26535
563.5371,3.186,26544
563.2319,3.186,26553
563.2319,3.186,26562
563.5371,3.186,26571
563.5371,3.186,26580
563.2319,3.186,26589
562.6216,3.186,26598
562.0112,3.186,26607
562.6216,3.186,26616
562.6216,3.186,26625
563.2319,3.186,26634
563.2319,3.186,26643
562.6216,3.186,26652
562.0112,3.186,26661
562.0112,3.186,26670
562.6216,3.186,26679
559.5698,3.186,26688
562.0112,3.186,26697
561.4009,3.186,26706
559.5698,3.186,26715
561.4009,3.186,26724
561.4009,3.186,26733
559.5698,3.186,26742
559.5698,3.186,26751
559.5698,3.186,26760
558.6543,3.186,26769
559.5698,3.186,26778
557.1284,3.186,26787
557.7388,3.186,26796
557.1284,3.186,26805
554.687,3.186,26814
554.687,3.186,26823
554.0767,3.186,26832
553.7715,3.186,26841
553.7715,3.186,26850
552.856,3.186,26859
552.2456,3.186,26868
552.2456,3.186,26877
552.2456,3.186,26886
552.2456,3.186,26895
549.8042,3.186,26904
549.8042,3.186,26913
549.1938,3.186,26922
547.3628,3.186,26931
547.3628,3.186,26940
547.3628,3.186,26949
546.4473,3.186,26958
544.9214,3.186,26967
544.9214,3.186,26976
544.9214,3.186,26985
544.311,3.186,26994
542.48,3.186,27003
541.8696,3.186,27012
540.0386,3.186,27021
540.0386,3.186,27030
538.8179,3.186,27039
538.8179,3.186,27048
538.5127,3.186,27057
537.5972,3.186,27066
536.9868,3.186,27075
535.1558,3.186,27084
535.1558,3.186,27093
535.1558,3.186,27102
534.2402,3.186,27111
533.3247,3.186,27120
532.7144,3.186,27129
532.104,3.186,27138
530.2729,3.186,27147
530.2729,3.186,27156
530.2729,3.186,27165
530.2729,3.186,27174
530.2729,3.186,27183
529.0522,3.186,27192
529.0522,3.186,27201
528.4419,3.186,27210
528.4419,3.186,27219
527.2212,3.186,27228
527.8315,3.186,27237
525.3901,3.186,27246
524.7798,3.186,27255
522.9487,3.186,27264
520.5073,3.186,27273
520.5073,3.186,27282
518.0659,3.186,27291
518.0659,3.186,27300
518.0659,3.186,27309
518.0659,3.186,27318
517.7607,3.186,27327
515.6245,3.186,27336
518.0659,3.186,27345
515.6245,3.186,27354
515.6245,3.186,27363
515.0142,3.186,27372
513.1831,3.186,27381
513.1831,3.186,27390
510.7417,3.186,27399
510.7417,3.186,27408
510.1313,3.186,27417
508.3003,3.186,27426
508.3003,3.186,27435
508.3003,3.186,27444
508.3003,3.186,27453
507.6899,3.186,27462
507.3848,3.186,27471
505.8589,3.186,27480
505.8589,3.186,27489
505.8589,3.186,27498
504.6382,3.186,27507
502.502,3.186,27516
500.9761,3.186,27525
500.0605,3.186,27534
500.0605,3.186,27543
498.5347,3.186,27552
498.5347,3.186,27561
496.0933,3.177,27570
496.0933,3.177,27579
495.7881,3.177,27588
495.1777,3.177,27597
494.8726,3.177,27606
494.8726,3.177,27615
493.0415,3.177,27624
493.6519,3.177,27633
491.2104,3.177,27642
491.2104,3.177,27651
491.2104,3.177,27660
490.2949,3.177,27669
488.769,3.177,27678
488.769,3.177,27687
486.3276,3.177,27696
486.3276,3.177,27705
486.0225,3.177,27714
483.8862,3.177,27723
483.8862,3.177,27732
483.8862,3.177,27741
481.4448,3.177,27750
481.4448,3.177,27759
481.1396,3.177,27768
480.5293,3.177,27777
480.5293,3.177,27786
479.0034,3.177,27795
476.562,3.177,27804
476.562,3.177,27813
475.6465,3.177,27822
474.1206,3.177,27831
473.8154,3.177,27840
471.6792,3.177,27849
471.6792,3.177,27858
473.8154,3.177,27867
471.6792,3.177,27876
471.6792,3.177,27885
471.6792,3.177,27894
469.2378,3.177,27903
468.6274,3.177,27912
466.7964,3.177,27921
465.5757,3.177,27930
461.9136,3.177,27939
463.7446,3.177,27948
463.7446,3.177,27957
463.7446,3.177,27966
461.9136,3.177,27975
461.9136,3.177,27984
461.9136,3.177,27993
461.3032,3.177,28002
460.998,3.177,28011
459.4722,3.177,28020
458.8618,3.177,28029
457.0308,3.177,28038
456.4204,3.177,28047
457.0308,3.177,28056
456.7256,3.177,28065
456.1152,3.177,28074
455.1997,3.177,28083
453.979,3.177,28092
452.1479,3.177,28101
452.1479,3.177,28110
451.2324,3.177,28119
450.9272,3.177,28128
450.9272,3.177,28137
449.7065,3.177,28146
449.7065,3.177,28155
447.2651,3.177,28164
447.2651,3.177,28173
446.3496,3.177,28182
444.8237,3.177,28191
442.3823,3.177,28200
442.3823,3.177,28209
442.3823,3.177,28218
441.772,3.177,28227
440.5513,3.177,28236
439.9409,3.177,28245
439.9409,3.177,28254
437.4995,3.177,28263
437.4995,3.177,28272
437.4995,3.177,28281
437.4995,3.177,28290
436.584,3.177,28299
432.6167,3.177,28308
434.4478,3.177,28317
432.6167,3.177,28326
431.7012,3.168,28335
430.1753,3.168,28344
427.7339,3.168,28353
427.7339,3.168,28362
426.5132,3.168,28371
425.2925,3.168,28380
425.2925,3.168,28389
425.2925,3.168,28398
425.2925,3.168,28407
425.2925,3.168,28416
424.6821,3.168,28425
422.8511,3.168,28434
422.2407,3.168,28443
422.8511,3.168,28452
421.9355,3.168,28461
420.4097,3.168,28470
417.9683,3.168,28479
417.9683,3.168,28488
417.9683,3.168,28497
417.3579,3.168,28506
416.1372,3.168,28515
413.0854,3.168,28524
413.0854,3.168,28533
413.0854,3.168,28542
412.7803,3.168,28551
411.8647,3.168,28560
410.644,3.168,28569
410.644,3.168,28578
410.644,3.168,28587
410.644,3.168,28596
408.2026,3.168,28605
407.5923,3.168,28614
408.2026,3.168,28623
407.2871,3.168,28632
405.7612,3.168,28641
405.1509,3.168,28650
403.3198,3.168,28659
402.0991,3.168,28668
400.8784,3.168,28677
400.2681,3.168,28686
398.437,3.168,28695
398.437,3.168,28704
397.8267,3.168,28713
397.2163,3.168,28722
397.2163,3.168,28731
397.2163,3.168,28740
396.606,3.168,28749
395.9956,3.168,28758
395.3853,3.168,28767
393.5542,3.168,28776
392.3335,3.168,28785
391.1128,3.168,28794
388.6714,3.168,28803
388.6714,3.168,28812
387.7559,3.168,28821
387.4507,3.168,28830
387.7559,3.168,28839
386.8403,3.168,28848
385.6196,3.168,28857
385.9248,3.168,28866
383.7886,3.168,28875
383.7886,3.168,28884
383.1782,3.168,28893
382.2627,3.168,28902
381.3472,3.168,28911
378.9058,3.168,28920
378.9058,3.168,28929
378.6006,3.168,28938
377.0747,3.168,28947
376.4644,3.168,28956
376.4644,3.168,28965
374.0229,3.168,28974
374.0229,3.168,28983
373.1074,3.159,28992
372.1919,3.159,29001
371.5815,3.159,29010
371.5815,3.159,29019
371.5815,3.159,29028
370.9712,3.159,29037
369.1401,3.159,29046
369.1401,3.159,29055
368.2246,3.159,29064
367.3091,3.159,29073
366.6987,3.159,29082
366.0884,3.159,29091
364.2573,3.159,29100
364.2573,3.159,29109
363.0366,3.159,29118
362.4263,3.159,29127
361.8159,3.159,29136
359.3745,3.159,29145
359.3745,3.159,29154
359.3745,3.159,29163
356.9331,3.159,29172
358.459,3.159,29181
356.9331,3.159,29190
356.3228,3.159,29199
356.3228,3.159,29208
354.4917,3.159,29217
353.5762,3.159,29226
352.6606,3.159,29235
349.6089,3.159,29244
349.6089,3.159,29253
348.9985,3.159,29262
348.3882,3.159,29271
347.1675,3.159,29280
346.5571,3.159,29289
344.7261,3.159,29298
344.7261,3.159,29307
344.7261,3.159,29316
344.7261,3.159,29325
344.7261,3.159,29334
344.1157,3.159,29343
342.2847,3.159,29352
341.6743,3.159,29361
339.8433,3.159,29370
339.8433,3.159,29379
338.9277,3.159,29388
337.4019,3.159,29397
337.4019,3.159,29406
336.7915,3.159,29415
334.9604,3.159,29424
334.9604,3.159,29433
334.9604,3.159,29442
334.3501,3.159,29451
332.519,3.159,29460
332.519,3.159,29469
330.0776,3.159,29478
330.0776,3.159,29487
329.4673,3.15,29496
327.6362,3.15,29505
327.6362,3.15,29514
327.0259,3.15,29523
325.1948,3.15,29532
325.1948,3.15,29541
325.1948,3.15,29550
324.5845,3.15,29559
322.7534,3.15,29568
322.7534,3.15,29577
320.312,3.15,29586
320.312,3.15,29595
320.312,3.15,29604
320.0068,3.15,29613
319.0913,3.15,29622
317.8706,3.15,29631
317.8706,3.15,29640
317.2603,3.15,29649
315.4292,3.15,29658
315.4292,3.15,29667
314.8188,3.15,29676
312.9878,3.15,29685
312.9878,3.15,29694
312.3774,3.15,29703
310.5464,3.15,29712
309.6309,3.15,29721
310.2412,3.15,29730
309.6309,3.15,29739
308.105,3.15,29748
308.105,3.15,29757
307.4946,3.15,29766
305.6636,3.15,29775
305.3584,3.15,29784
304.748,3.15,29793
304.4429,3.15,29802
300.7808,3.15,29811
302.3066,3.15,29820
300.7808,3.141,29829
300.7808,3.141,29838
299.8652,3.141,29847
298.9497,3.141,29856
298.9497,3.141,29865
295.8979,3.141,29874
295.8979,3.141,29883
295.8979,3.141,29892
295.2876,3.141,29901
293.4565,3.141,29910
293.4565,3.141,29919
292.8462,3.141,29928
292.8462,3.141,29937
291.0151,3.141,29946
291.0151,3.141,29955
290.4048,3.141,29964
289.7944,3.141,29973
286.1323,3.141,29982
288.5737,3.141,29991
287.9634,3.141,30000
287.9634,3.141,30009
286.1323,3.132,30018
286.1323,3.132,30027
286.1323,3.132,30036
283.6909,3.132,30045
283.6909,3.132,30054
283.6909,3.132,30063
281.2495,3.132,30072
281.2495,3.132,30081
280.6392,3.132,30090
278.8081,3.132,30099
278.1978,3.132,30108
278.1978,3.132,30117
276.3667,3.132,30126
276.3667,3.132,30135
276.3667,3.132,30144
275.4512,3.123,30153
275.4512,3.123,30162
273.9253,3.123,30171
273.9253,3.123,30180
273.0098,3.123,30189
271.4839,3.123,30198
271.4839,3.123,30207
270.8735,3.123,30216
269.0425,3.123,30225
269.0425,3.123,30234
268.4321,3.123,30243
266.6011,3.123,30252
266.6011,3.123,30261
266.2959,3.123,30270
264.1597,3.114,30279
264.1597,3.114,30288
263.2441,3.114,30297
261.7183,3.114,30306
261.7183,3.114,30315
261.1079,3.114,30324
260.8027,3.114,30333
259.2769,3.114,30342
258.6665,3.114,30351
258.6665,3.114,30360
256.8354,3.114,30369
256.8354,3.114,30378
256.2251,3.114,30387
255.9199,3.105,30396
254.394,3.105,30405
254.394,3.105,30414
253.4785,3.105,30423
251.9526,3.105,30432
251.9526,3.105,30441
251.3423,3.105,30450
250.1216,3.105,30459
248.9009,3.105,30468
247.0698,3.105,30477
247.0698,3.096,30486
247.0698,3.096,30495
246.1543,3.096,30504
245.8491,3.096,30513
244.6284,3.096,30522
242.187,3.096,30531
242.187,3.096,30540
242.187,3.096,30549
241.5767,3.096,30558
240.9663,3.087,30567
239.7456,3.087,30576
239.1353,3.087,30585
237.3042,3.087,30594
237.3042,3.087,30603
237.3042,3.087,30612
236.3887,3.087,30621
234.8628,3.087,30630
234.8628,3.087,30639
234.8628,3.087,30648
232.4214,3.087,30657
232.4214,3.078,30666
232.1162,3.078,30675
231.2007,3.078,30684
230.5903,3.078,30693
229.3696,3.078,30702
227.5386,3.078,30711
227.5386,3.078,30720
227.2334,3.078,30729
226.3179,3.078,30738
225.0972,3.069,30747
224.4868,3.069,30756
222.6558,3.069,30765
222.6558,3.069,30774
222.0454,3.069,30783
221.4351,3.069,30792
220.8247,3.069,30801
220.2144,3.069,30810
217.7729,3.06,30819
217.7729,3.06,30828
217.7729,3.06,30837
215.9419,3.06,30846
215.3315,3.06,30855
215.0264,3.06,30864
214.416,3.06,30873
212.8901,3.06,30882
212.8901,3.06,30891
212.2798,3.051,30900
211.6694,3.051,30909
210.4487,3.051,30918
210.4487,3.051,30927
208.0073,3.051,30936
208.0073,3.051,30945
208.0073,3.051,30954
207.0918,3.051,30963
205.5659,3.051,30972
205.5659,3.042,30981
203.1245,3.042,30990
203.1245,3.042,30999
203.1245,3.042,31008
202.209,3.042,31017
201.2935,3.042,31026
200.6831,3.042,31035
200.0728,3.042,31044
198.2417,3.033,31053
198.2417,3.033,31062
197.6313,3.033,31071
197.021,3.033,31080
195.8003,3.033,31089
195.1899,3.033,31098
194.8848,3.033,31107
193.3589,3.033,31116
193.3589,3.024,31125
192.1382,3.024,31134
191.5278,3.024,31143
190.9175,3.024,31152
190.3071,3.024,31161
188.4761,3.024,31170
188.4761,3.024,31179
187.2554,3.015,31188
186.0347,3.015,31197
185.7295,3.015,31206
183.5933,3.015,31215
183.5933,3.015,31224
183.5933,3.015,31233
182.6777,3.015,31242
181.7622,3.015,31251
181.1519,3.006,31260
178.7104,3.006,31269
178.7104,3.006,31278
178.7104,3.006,31287
177.7949,3.006,31296
177.4897,3.006,31305
176.269,3.006,31314
176.269,3.006,31323
175.6587,3.006,31332
173.8276,2.997,31341
172.9121,2.997,31350
172.9121,2.997,31359
171.3862,2.997,31368
170.7759,2.997,31377
168.9448,2.988,31386
168.9448,2.988,31395
168.0293,2.988,31404
167.1138,2.988,31413
166.5034,2.988,31422
164.062,2.988,31431
164.062,2.988,31440
164.062,2.979,31449
163.4517,2.979,31458
162.5361,2.979,31467
161.6206,2.979,31476
159.1792,2.979,31485
159.1792,2.979,31494
159.1792,2.979,31503
158.5688,2.979,31512
157.9585,2.97,31521
156.7378,2.97,31530
156.1274,2.97,31539
154.2964,2.97,31548
154.2964,2.97,31557
153.686,2.97,31566
151.855,2.97,31575
151.855,2.97,31584
151.2446,2.961,31593
149.4136,2.961,31602
149.4136,2.961,31611
148.498,2.961,31620
148.1929,2.961,31629
146.9722,2.961,31638
146.9722,2.952,31647
144.5308,2.952,31656
144.5308,2.952,31665
144.5308,2.952,31674
143.6152,2.952,31683
142.6997,2.952,31692
142.0894,2.952,31701
142.0894,2.943,31710
139.6479,2.943,31719
139.6479,2.943,31728
139.6479,2.943,31737
138.4272,2.943,31746
136.5962,2.943,31755
137.2065,2.943,31764
136.5962,2.934,31773
134.7651,2.934,31782
134.7651,2.934,31791
133.5444,2.934,31800
132.9341,2.934,31809
131.7134,2.934,31818
129.8823,2.934,31827
129.8823,2.934,31836
129.8823,2.925,31845
128.9668,2.925,31854
128.0513,2.925,31863
127.4409,2.925,31872
124.9995,2.925,31881
123.1685,2.916,31890
122.5581,2.916,31899
120.1167,2.916,31908
118.2856,2.916,31917
115.2339,2.916,31926
114.3184,2.916,31935
112.1821,2.916,31944
110.3511,2.916,31953
109.4355,2.916,31962
107.9097,2.916,31971
107.9097,2.916,31980
105.4683,2.916,31989
105.4683,2.916,31998
105.1631,2.916,32007
105.4683,2.916,32016
103.0269,2.916,32025
103.0269,2.916,32034
103.0269,2.916,32043
102.4165,2.916,32052
100.5854,2.916,32061
100.5854,2.916,32070
99.9751,2.916,32079
99.36475,2.916,32088
97.53369,2.916,32097
95.70264,2.907,32106
95.70264,2.907,32115
95.70264,2.907,32124
95.70264,2.907,32133
94.78711,2.907,32142
93.26123,2.907,32151
93.26123,2.907,32160
92.65088,2.907,32169
90.81982,2.907,32178
90.81982,2.907,32187
89.9043,2.907,32196
88.98877,2.907,32205
85.93701,2.907,32214
85.93701,2.907,32223
85.93701,2.907,32232
85.32666,2.907,32241
84.10596,2.907,32250
83.49561,2.907,32259
82.88525,2.907,32268
81.0542,2.907,32277
81.0542,2.907,32286
81.0542,2.907,32295
80.44385,2.907,32304
79.8335,2.907,32313
78.61279,2.907,32322
76.17139,2.907,32331
76.17139,2.907,32340
76.17139,2.907,32349
75.86621,2.907,32358
75.86621,2.907,32367
74.95068,2.907,32376
73.11963,2.907,32385
71.28857,2.907,32394
70.37305,2.907,32403
68.84717,2.907,32412
68.84717,2.907,32421
68.54199,2.907,32430
66.40576,2.907,32439
66.40576,2.907,32448
66.40576,2.907,32457
65.79541,2.907,32466
65.49023,2.907,32475
63.354,2.907,32484
63.354,2.907,32493
63.354,2.898,32502
61.52295,2.898,32511
61.52295,2.898,32520
60.60742,2.898,32529
59.08154,2.898,32538
58.47119,2.898,32547
56.64014,2.898,32556
56.64014,2.898,32565
55.72461,2.898,32574
54.80908,2.898,32583
54.19873,2.898,32592
53.58838,2.898,32601
51.75732,2.898,32610
51.45215,2.898,32619
50.53662,2.898,32628
50.8418,2.898,32637
50.53662,2.898,32646
49.31592,2.898,32655
49.31592,2.898,32664
46.87451,2.898,32673
46.87451,2.898,32682
46.87451,2.898,32691
46.56934,2.898,32700
45.95898,2.898,32709
44.43311,2.898,32718
41.9917,2.898,32727
41.9917,2.898,32736
41.9917,2.898,32745
41.68652,2.898,32754
40.771,2.898,32763
39.55029,2.898,32772
39.55029,2.898,32781
38.63477,2.898,32790
37.10889,2.898,32799
37.10889,2.898,32808
36.80371,2.898,32817
36.49854,2.898,32826
36.19336,2.898,32835
34.66748,2.889,32844
32.22607,2.889,32853
32.22607,2.889,32862
32.22607,2.889,32871
32.22607,2.889,32880
32.22607,2.889,32889
31.00537,2.889,32898
30.39502,2.889,32907
29.78467,2.889,32916
27.34326,2.889,32925
27.34326,2.889,32934
26.42773,2.889,32943
24.2915,2.889,32952
24.90186,2.889,32961
22.46045,2.889,32970
22.46045,2.889,32979
22.46045,2.889,32988
21.23975,2.889,32997
20.62939,2.889,33006
20.93457,2.889,33015
20.01904,2.889,33024
19.40869,2.889,33033
17.57764,2.889,33042
17.57764,2.889,33051
16.96729,2.88,33060
16.35693,2.88,33069
14.52588,2.88,33078
15.13623,2.88,33087
12.69482,2.88,33096
12.69482,2.88,33105
12.69482,2.88,33114
10.25342,2.88,33123
10.25342,2.88,33132
10.25342,2.88,33141
7.812012,2.88,33150
7.812012,2.88,33159
7.812012,2.88,33168
7.20166,2.88,33177
5.980957,2.88,33186
5.370605,2.88,33195
5.370605,2.88,33204
4.760254,2.88,33213
