"Ô¶¾°","1","1","1#-545-100nm","1","2021-11-10 11:14:35",0,0,-545,20,100,1
0,-555.2319,0,-3.051,0,0,0,3658
0,1
-.4223633,0,3
-.4223633,0,12
-.4223633,0,21
-.4223633,0,30
-.4223633,0,39
-.4223633,0,48
-.4223633,-.009,57
-1.032715,-.009,66
-3.474121,-.009,75
-5.305176,-.009,84
-7.746582,-.009,93
-10.18799,-.009,102
-10.79834,-.009,111
-12.01904,-.009,120
-10.79834,-.009,129
-11.10352,-.009,138
-10.79834,-.009,147
-10.79834,-.009,156
-11.10352,-.009,165
-12.62939,-.009,174
-13.23975,-.009,183
-15.0708,-.009,192
-15.0708,-.009,201
-15.37598,-.009,210
-16.2915,-.009,219
-17.51221,-.009,228
-17.51221,-.009,237
-17.51221,-.009,246
-18.12256,-.009,255
-19.95361,-.009,264
-19.95361,-.009,273
-19.95361,-.009,282
-19.95361,-.009,291
-20.56396,-.009,300
-20.25879,-.009,309
-20.86914,-.009,318
-20.86914,-.009,327
-23.00537,-.009,336
-22.39502,-.009,345
-23.00537,-.009,354
-24.83643,-.009,363
-24.83643,-.009,372
-24.83643,-.009,381
-25.44678,-.009,390
-25.75195,-.009,399
-25.44678,-.009,408
-26.05713,-.009,417
-26.66748,-.009,426
-27.88818,-.009,435
-29.71924,-.009,444
-30.02441,-.009,453
-29.71924,-.009,462
-30.63477,-.009,471
-30.93994,-.009,480
-31.55029,-.009,489
-32.16064,-.009,498
-33.07617,-.009,507
-34.60205,-.009,516
-34.60205,-.009,525
-35.2124,-.009,534
-35.82275,-.009,543
-34.60205,-.009,552
-35.82275,-.009,561
-35.2124,-.009,570
-35.51758,-.009,579
-36.12793,-.009,588
-37.65381,-.009,597
-39.48486,-.009,606
-39.79004,-.009,615
-41.92627,-.009,624
-41.92627,-.009,633
-44.36768,-.009,642
-44.36768,-.009,651
-45.2832,-.009,660
-45.58838,-.009,669
-46.19873,-.009,678
-46.80908,-.009,687
-46.80908,-.009,696
-46.80908,-.009,705
-47.72461,-.009,714
-46.80908,-.009,723
-46.80908,-.009,732
-49.25049,-.009,741
-49.25049,-.009,750
-49.25049,-.018,759
-49.25049,-.018,768
-50.16602,-.018,777
-51.99707,-.018,786
-54.1333,-.018,795
-54.1333,-.018,804
-55.65918,-.018,813
-57.18506,-.018,822
-59.01611,-.018,831
-59.01611,-.018,840
-59.32129,-.018,849
-60.23682,-.018,858
-61.45752,-.018,867
-61.45752,-.018,876
-62.37305,-.018,885
-63.89893,-.018,894
-63.89893,-.018,903
-63.89893,-.018,912
-64.81445,-.018,921
-64.81445,-.018,930
-64.81445,-.018,939
-66.34033,-.018,948
-67.25586,-.018,957
-68.78174,-.018,966
-69.39209,-.018,975
-70.61279,-.018,984
-71.22314,-.018,993
-71.8335,-.018,1002
-73.66455,-.018,1011
-73.66455,-.018,1020
-73.66455,-.018,1029
-74.2749,-.018,1038
-74.88525,-.018,1047
-74.88525,-.018,1056
-76.10596,-.027,1065
-77.02148,-.027,1074
-78.54736,-.027,1083
-78.54736,-.027,1092
-79.46289,-.027,1101
-80.07324,-.027,1110
-81.29395,-.027,1119
-83.43018,-.027,1128
-83.43018,-.027,1137
-83.43018,-.027,1146
-85.26123,-.027,1155
-85.87158,-.027,1164
-88.31299,-.027,1173
-88.31299,-.027,1182
-88.31299,-.027,1191
-88.31299,-.027,1200
-89.22852,-.027,1209
-90.14404,-.027,1218
-93.1958,-.036,1227
-93.1958,-.036,1236
-93.80615,-.036,1245
-95.63721,-.036,1254
-95.63721,-.036,1263
-96.24756,-.036,1272
-98.07861,-.036,1281
-98.07861,-.036,1290
-98.99414,-.036,1299
-100.52,-.036,1308
-102.9614,-.036,1317
-102.9614,-.045,1326
-102.9614,-.045,1335
-105.4028,-.045,1344
-105.4028,-.045,1353
-105.4028,-.045,1362
-107.8442,-.045,1371
-107.8442,-.045,1380
-108.7598,-.045,1389
-110.2856,-.045,1398
-110.896,-.054,1407
-112.7271,-.054,1416
-112.7271,-.054,1425
-113.3374,-.054,1434
-115.1685,-.054,1443
-115.1685,-.054,1452
-115.7788,-.054,1461
-117.6099,-.054,1470
-117.6099,-.054,1479
-118.8306,-.054,1488
-120.0513,-.063,1497
-122.4927,-.063,1506
-122.4927,-.063,1515
-122.4927,-.063,1524
-122.4927,-.063,1533
-123.103,-.063,1542
-123.4082,-.063,1551
-124.9341,-.063,1560
-124.9341,-.063,1569
-127.3755,-.063,1578
-127.3755,-.063,1587
-127.9858,-.063,1596
-128.291,-.072,1605
-129.8169,-.072,1614
-130.1221,-.072,1623
-132.2583,-.072,1632
-132.2583,-.072,1641
-132.5635,-.072,1650
-133.479,-.072,1659
-134.6997,-.072,1668
-135.3101,-.072,1677
-137.1411,-.072,1686
-137.1411,-.081,1695
-138.0566,-.081,1704
-139.5825,-.081,1713
-139.5825,-.081,1722
-139.5825,-.081,1731
-140.498,-.081,1740
-142.0239,-.081,1749
-142.0239,-.081,1758
-143.2446,-.09,1767
-144.4653,-.09,1776
-145.0757,-.09,1785
-145.3809,-.09,1794
-146.9067,-.09,1803
-148.1274,-.09,1812
-147.8223,-.09,1821
-149.3481,-.09,1830
-149.9585,-.099,1839
-151.7896,-.099,1848
-151.7896,-.099,1857
-152.0947,-.099,1866
-152.3999,-.099,1875
-153.3154,-.099,1884
-154.231,-.099,1893
-154.8413,-.099,1902
-156.6724,-.099,1911
-156.6724,-.108,1920
-157.2827,-.108,1929
-157.8931,-.108,1938
-159.1138,-.108,1947
-159.1138,-.108,1956
-159.7241,-.108,1965
-161.5552,-.108,1974
-161.5552,-.108,1983
-161.5552,-.108,1992
-162.4707,-.117,2001
-162.4707,-.117,2010
-163.9966,-.117,2019
-163.9966,-.117,2028
-166.438,-.117,2037
-166.438,-.126,2046
-166.438,-.126,2055
-166.438,-.126,2064
-167.0483,-.126,2073
-168.8794,-.126,2082
-169.4897,-.126,2091
-169.4897,-.126,2100
-171.3208,-.135,2109
-171.3208,-.135,2118
-171.9312,-.135,2127
-172.2363,-.135,2136
-172.2363,-.135,2145
-173.7622,-.144,2154
-174.3726,-.144,2163
-176.2036,-.144,2172
-176.2036,-.144,2181
-176.2036,-.144,2190
-177.4243,-.144,2199
-178.645,-.153,2208
-178.645,-.153,2217
-179.2554,-.153,2226
-181.0864,-.153,2235
-181.0864,-.153,2244
-181.0864,-.162,2253
-182.002,-.162,2262
-183.5278,-.162,2271
-183.5278,-.162,2280
-185.9692,-.162,2289
-186.2744,-.171,2298
-185.9692,-.171,2307
-186.5796,-.171,2316
-187.1899,-.171,2325
-187.8003,-.171,2334
-188.4106,-.18,2343
-190.8521,-.18,2352
-190.8521,-.18,2361
-190.8521,-.18,2370
-191.4624,-.18,2379
-192.6831,-.189,2388
-193.2935,-.189,2397
-193.9038,-.189,2406
-195.7349,-.189,2415
-195.7349,-.198,2424
-195.7349,-.198,2433
-196.3452,-.198,2442
-197.2607,-.198,2451
-197.5659,-.207,2460
-198.7866,-.207,2469
-199.0918,-.207,2478
-200.6177,-.207,2487
-200.6177,-.216,2496
-201.228,-.216,2505
-201.5332,-.216,2514
-203.0591,-.216,2523
-203.0591,-.216,2532
-205.5005,-.225,2541
-205.5005,-.225,2550
-205.5005,-.225,2559
-206.1108,-.234,2568
-207.3315,-.234,2577
-207.3315,-.234,2586
-207.9419,-.234,2595
-210.3833,-.243,2604
-210.3833,-.243,2613
-210.3833,-.243,2622
-210.9937,-.252,2631
-211.9092,-.252,2640
-212.8247,-.252,2649
-213.4351,-.252,2658
-213.4351,-.261,2667
-215.2661,-.261,2676
-216.4868,-.261,2685
-215.8765,-.261,2694
-216.1816,-.27,2703
-217.7075,-.27,2712
-217.7075,-.27,2721
-218.3179,-.279,2730
-220.1489,-.279,2739
-220.1489,-.279,2748
-220.1489,-.288,2757
-221.3696,-.288,2766
-222.5903,-.288,2775
-222.5903,-.288,2784
-223.5059,-.297,2793
-225.0317,-.297,2802
-225.0317,-.297,2811
-225.3369,-.306,2820
-227.4731,-.306,2829
-227.4731,-.306,2838
-227.4731,-.315,2847
-227.7783,-.315,2856
-229.9146,-.315,2865
-229.9146,-.324,2874
-230.5249,-.324,2883
-230.5249,-.324,2892
-232.6611,-.324,2901
-232.9663,-.333,2910
-233.2715,-.333,2919
-234.7974,-.333,2928
-234.7974,-.342,2937
-235.7129,-.342,2946
-237.2388,-.342,2955
-237.5439,-.351,2964
-239.6802,-.351,2973
-239.6802,-.351,2982
-239.6802,-.36,2991
-240.5957,-.36,3000
-240.9009,-.36,3009
-242.1216,-.369,3018
-242.4268,-.369,3027
-243.0371,-.369,3036
-244.563,-.378,3045
-244.563,-.378,3054
-247.0044,-.378,3063
-247.0044,-.387,3072
-247.0044,-.387,3081
-247.6147,-.387,3090
-250.3613,-.396,3099
-249.4458,-.396,3108
-250.3613,-.396,3117
-251.8872,-.396,3126
-251.8872,-.405,3135
-252.8027,-.405,3144
-254.3286,-.405,3153
-254.3286,-.414,3162
-255.2441,-.414,3171
-256.1597,-.423,3180
-256.77,-.423,3189
-257.6855,-.423,3198
-259.2114,-.423,3207
-259.2114,-.432,3216
-260.4321,-.432,3225
-262.2632,-.432,3234
-261.6528,-.441,3243
-262.2632,-.441,3252
-264.0942,-.441,3261
-264.0942,-.45,3270
-265.0098,-.45,3279
-265.9253,-.45,3288
-267.146,-.459,3297
-267.146,-.459,3306
-268.9771,-.459,3315
-268.9771,-.468,3324
-271.4185,-.468,3333
-270.5029,-.468,3342
-271.4185,-.468,3351
-271.4185,-.477,3360
-273.8599,-.477,3369
-273.8599,-.477,3378
-275.0806,-.486,3387
-276.3013,-.486,3396
-276.3013,-.495,3405
-276.9116,-.495,3414
-278.7427,-.495,3423
-278.7427,-.495,3432
-280.5737,-.504,3441
-280.5737,-.504,3450
-281.1841,-.504,3459
-281.7944,-.513,3468
-283.6255,-.513,3477
-283.6255,-.513,3486
-284.2358,-.522,3495
-285.4565,-.522,3504
-286.0669,-.522,3513
-286.9824,-.531,3522
-288.5083,-.531,3531
-288.5083,-.531,3540
-289.1187,-.54,3549
-290.9497,-.54,3558
-290.9497,-.54,3567
-293.3911,-.54,3576
-291.8652,-.549,3585
-293.3911,-.549,3594
-293.6963,-.549,3603
-294.6118,-.558,3612
-295.2222,-.558,3621
-295.8325,-.558,3630
-296.748,-.567,3639
-298.2739,-.567,3648
-298.5791,-.567,3657
-299.1895,-.576,3666
-299.4946,-.576,3675
-300.7153,-.576,3684
-301.3257,-.585,3693
-303.1567,-.585,3702
-303.1567,-.585,3711
-303.7671,-.594,3720
-304.0723,-.594,3729
-306.2085,-.594,3738
-305.5981,-.603,3747
-308.0396,-.603,3756
-308.0396,-.603,3765
-308.0396,-.612,3774
-308.9551,-.612,3783
-310.481,-.612,3792
-310.481,-.612,3801
-310.481,-.621,3810
-311.3965,-.621,3819
-312.9224,-.63,3828
-312.9224,-.63,3837
-313.2275,-.63,3846
-313.8379,-.639,3855
-314.7534,-.639,3864
-315.3638,-.639,3873
-315.9741,-.648,3882
-317.8052,-.648,3891
-317.8052,-.648,3900
-319.0259,-.657,3909
-318.4155,-.657,3918
-320.2466,-.657,3927
-320.2466,-.666,3936
-322.688,-.666,3945
-322.688,-.675,3954
-322.688,-.675,3963
-322.9932,-.675,3972
-323.2983,-.684,3981
-324.519,-.684,3990
-325.1294,-.684,3999
-325.7397,-.693,4008
-327.5708,-.693,4017
-327.5708,-.702,4026
-328.1812,-.702,4035
-327.876,-.702,4044
-328.1812,-.711,4053
-330.0122,-.711,4062
-330.0122,-.72,4071
-330.0122,-.72,4080
-330.6226,-.72,4089
-330.6226,-.729,4098
-332.4536,-.729,4107
-332.4536,-.738,4116
-332.4536,-.738,4125
-333.3691,-.747,4134
-332.7588,-.747,4143
-333.6743,-.747,4152
-334.2847,-.756,4161
-334.895,-.756,4170
-334.895,-.765,4179
-334.895,-.765,4188
-335.8105,-.774,4197
-335.5054,-.774,4206
-337.3364,-.783,4215
-337.3364,-.783,4224
-337.3364,-.792,4233
-337.3364,-.792,4242
-337.3364,-.801,4251
-337.9468,-.801,4260
-337.3364,-.81,4269
-337.3364,-.819,4278
-337.6416,-.819,4287
-337.6416,-.828,4296
-337.6416,-.828,4305
-338.252,-.837,4314
-338.252,-.846,4323
-337.9468,-.846,4332
-338.252,-.855,4341
-337.9468,-.855,4350
-337.9468,-.864,4359
-337.9468,-.873,4368
-337.9468,-.882,4377
-338.5571,-.882,4386
-338.5571,-.891,4395
-338.252,-.9,4404
-337.9468,-.9,4413
-337.9468,-.909,4422
-338.5571,-.918,4431
-337.9468,-.927,4440
-337.3364,-.936,4449
-337.3364,-.936,4458
-337.3364,-.945,4467
-337.3364,-.954,4476
-337.3364,-.963,4485
-337.3364,-.972,4494
-335.8105,-.981,4503
-335.5054,-.99,4512
-335.5054,-.999,4521
-334.895,-1.008,4530
-334.895,-1.017,4539
-334.895,-1.026,4548
-334.2847,-1.035,4557
-333.6743,-1.044,4566
-333.6743,-1.053,4575
-333.3691,-1.062,4584
-332.4536,-1.071,4593
-332.4536,-1.08,4602
-332.4536,-1.089,4611
-332.4536,-1.107,4620
-330.9277,-1.116,4629
-330.0122,-1.125,4638
-330.0122,-1.134,4647
-328.7915,-1.152,4656
-328.1812,-1.161,4665
-327.876,-1.17,4674
-327.5708,-1.179,4683
-327.5708,-1.197,4692
-327.5708,-1.206,4701
-325.7397,-1.224,4710
-325.1294,-1.233,4719
-324.519,-1.242,4728
-323.9087,-1.26,4737
-322.688,-1.269,4746
-322.688,-1.287,4755
-322.688,-1.296,4764
-322.688,-1.314,4773
-322.688,-1.332,4782
-320.2466,-1.341,4791
-319.0259,-1.359,4800
-319.6362,-1.368,4809
-317.8052,-1.386,4818
-317.8052,-1.404,4827
-317.8052,-1.413,4836
-317.8052,-1.431,4845
-315.9741,-1.449,4854
-315.9741,-1.467,4863
-315.3638,-1.485,4872
-313.8379,-1.503,4881
-312.9224,-1.512,4890
-312.9224,-1.53,4899
-312.9224,-1.548,4908
-311.3965,-1.566,4917
-310.481,-1.584,4926
-310.481,-1.602,4935
-310.481,-1.62,4944
-309.2603,-1.638,4953
-308.3447,-1.656,4962
-308.0396,-1.674,4971
-308.0396,-1.692,4980
-308.0396,-1.719,4989
-306.2085,-1.737,4998
-306.2085,-1.755,5007
-305.5981,-1.773,5016
-304.9878,-1.791,5025
-304.9878,-1.818,5034
-304.3774,-1.836,5043
-304.0723,-1.854,5052
-304.0723,-1.872,5061
-303.7671,-1.899,5070
-303.7671,-1.917,5079
-303.4619,-1.944,5088
-303.7671,-1.962,5097
-303.1567,-1.98,5106
-304.0723,-2.007,5115
-303.7671,-2.025,5124
-303.1567,-2.052,5133
-303.1567,-2.07,5142
-303.4619,-2.088,5151
-303.7671,-2.115,5160
-304.0723,-2.133,5169
-304.3774,-2.16,5178
-304.3774,-2.178,5187
-305.5981,-2.205,5196
-305.5981,-2.223,5205
-308.0396,-2.25,5214
-308.0396,-2.268,5223
-308.0396,-2.295,5232
-308.0396,-2.313,5241
-309.2603,-2.34,5250
-310.481,-2.358,5259
-311.0913,-2.385,5268
-312.9224,-2.403,5277
-313.8379,-2.43,5286
-315.3638,-2.448,5295
-317.8052,-2.475,5304
-317.8052,-2.493,5313
-319.6362,-2.52,5322
-322.688,-2.538,5331
-323.2983,-2.556,5340
-327.5708,-2.583,5349
-327.5708,-2.601,5358
-330.6226,-2.628,5367
-332.4536,-2.646,5376
-335.5054,-2.664,5385
-338.252,-2.682,5394
-342.2192,-2.7,5403
-344.6606,-2.727,5412
-348.0176,-2.745,5421
-351.9849,-2.763,5430
-356.8677,-2.781,5439
-362.3608,-2.799,5448
-366.9385,-2.808,5457
-372.7368,-2.826,5466
-378.8403,-2.844,5475
-386.1646,-2.862,5484
-392.2681,-2.871,5493
-398.9819,-2.88,5502
-406.3062,-2.898,5511
-413.02,-2.907,5520
-420.3442,-2.916,5529
-427.6685,-2.925,5538
-432.5513,-2.934,5547
-439.8755,-2.943,5556
-444.7583,-2.952,5565
-449.6411,-2.952,5574
-454.5239,-2.961,5583
-459.4067,-2.961,5592
-461.8481,-2.97,5601
-465.2051,-2.97,5610
-469.1724,-2.979,5619
-472.2241,-2.979,5628
-474.6655,-2.979,5637
-477.1069,-2.988,5646
-479.5483,-2.988,5655
-481.9897,-2.988,5664
-483.8208,-2.988,5673
-486.2622,-2.988,5682
-488.7036,-2.997,5691
-488.7036,-2.997,5700
-491.145,-2.997,5709
-491.7554,-2.997,5718
-493.5864,-2.997,5727
-494.8071,-2.997,5736
-496.0278,-2.997,5745
-496.0278,-3.006,5754
-498.4692,-3.006,5763
-499.0796,-3.006,5772
-500.9106,-3.006,5781
-503.3521,-3.006,5790
-503.3521,-3.006,5799
-503.3521,-3.006,5808
-504.8779,-3.006,5817
-506.4038,-3.015,5826
-508.2349,-3.015,5835
-508.2349,-3.015,5844
-508.54,-3.015,5853
-510.0659,-3.015,5862
-510.6763,-3.015,5871
-513.1177,-3.015,5880
-513.1177,-3.015,5889
-514.0332,-3.015,5898
-515.5591,-3.015,5907
-515.5591,-3.015,5916
-516.1694,-3.015,5925
-518.0005,-3.024,5934
-518.0005,-3.024,5943
-518.916,-3.024,5952
-520.4419,-3.024,5961
-520.7471,-3.024,5970
-522.8833,-3.024,5979
-522.8833,-3.024,5988
-523.4937,-3.024,5997
-524.104,-3.024,6006
-525.3247,-3.024,6015
-525.3247,-3.024,6024
-525.6299,-3.024,6033
-525.3247,-3.024,6042
-527.7661,-3.024,6051
-527.7661,-3.033,6060
-528.3765,-3.033,6069
-530.2075,-3.033,6078
-530.8179,-3.033,6087
-532.6489,-3.033,6096
-533.8696,-3.033,6105
-532.6489,-3.033,6114
-535.0903,-3.033,6123
-535.0903,-3.033,6132
-536.0059,-3.033,6141
-537.5317,-3.042,6150
-537.8369,-3.042,6159
-538.4473,-3.042,6168
-539.9731,-3.042,6177
-540.5835,-3.042,6186
-542.4146,-3.042,6195
-542.4146,-3.042,6204
-542.7197,-3.042,6213
-543.3301,-3.042,6222
-543.6353,-3.042,6231
-544.856,-3.042,6240
-545.7715,-3.042,6249
-547.2974,-3.051,6258
-547.2974,-3.051,6267
-548.5181,-3.051,6276
-548.2129,-3.051,6285
-548.2129,-3.051,6294
-548.2129,-3.051,6303
-548.5181,-3.051,6312
-549.1284,-3.051,6321
-549.1284,-3.051,6330
-548.5181,-3.051,6339
-549.1284,-3.051,6348
-549.7388,-3.051,6357
-549.7388,-3.051,6366
-549.7388,-3.051,6375
-549.7388,-3.051,6384
-549.7388,-3.051,6393
-549.7388,-3.051,6402
-550.6543,-3.051,6411
-552.1802,-3.051,6420
-552.1802,-3.051,6429
-550.6543,-3.051,6438
-550.6543,-3.051,6447
-550.9595,-3.051,6456
-550.3491,-3.051,6465
-550.3491,-3.051,6474
-552.1802,-3.051,6483
-552.1802,-3.051,6492
-552.1802,-3.051,6501
-552.1802,-3.051,6510
-552.1802,-3.051,6519
-552.1802,-3.051,6528
-552.1802,-3.051,6537
-552.1802,-3.051,6546
-552.1802,-3.051,6555
-552.1802,-3.051,6564
-552.1802,-3.051,6573
-552.1802,-3.051,6582
-552.1802,-3.051,6591
-552.1802,-3.051,6600
-552.1802,-3.051,6609
-550.6543,-3.051,6618
-552.1802,-3.051,6627
-552.1802,-3.051,6636
-552.1802,-3.051,6645
-552.1802,-3.051,6654
-552.1802,-3.051,6663
-552.1802,-3.051,6672
-552.1802,-3.051,6681
-552.1802,-3.051,6690
-552.1802,-3.051,6699
-552.1802,-3.051,6708
-552.1802,-3.051,6717
-552.1802,-3.051,6726
-552.7905,-3.051,6735
-552.1802,-3.051,6744
-552.1802,-3.051,6753
-552.1802,-3.051,6762
-552.1802,-3.051,6771
-552.1802,-3.051,6780
-552.1802,-3.051,6789
-552.1802,-3.051,6798
-552.1802,-3.051,6807
-552.1802,-3.051,6816
-552.1802,-3.051,6825
-553.4009,-3.051,6834
-552.1802,-3.051,6843
-552.1802,-3.051,6852
-552.1802,-3.051,6861
-552.1802,-3.051,6870
-552.1802,-3.051,6879
-552.1802,-3.051,6888
-552.1802,-3.051,6897
-552.1802,-3.051,6906
-552.1802,-3.051,6915
-552.1802,-3.051,6924
-552.1802,-3.051,6933
-552.1802,-3.051,6942
-552.1802,-3.051,6951
-552.1802,-3.051,6960
-552.1802,-3.051,6969
-552.1802,-3.051,6978
-552.1802,-3.051,6987
-552.1802,-3.051,6996
-552.1802,-3.051,7005
-552.1802,-3.051,7014
-552.1802,-3.051,7023
-552.1802,-3.051,7032
-552.1802,-3.051,7041
-552.1802,-3.051,7050
-552.1802,-3.051,7059
-552.1802,-3.051,7068
-552.1802,-3.051,7077
-552.1802,-3.051,7086
-552.1802,-3.051,7095
-552.1802,-3.051,7104
-552.7905,-3.051,7113
-552.1802,-3.051,7122
-552.1802,-3.051,7131
-552.1802,-3.051,7140
-552.1802,-3.051,7149
-552.1802,-3.051,7158
-552.1802,-3.051,7167
-553.4009,-3.051,7176
-552.1802,-3.051,7185
-552.1802,-3.051,7194
-552.1802,-3.051,7203
-552.1802,-3.051,7212
-552.1802,-3.051,7221
-552.1802,-3.051,7230
-552.1802,-3.051,7239
-552.1802,-3.051,7248
-552.1802,-3.051,7257
-552.1802,-3.051,7266
-553.0957,-3.051,7275
-552.4854,-3.051,7284
-552.1802,-3.051,7293
-552.1802,-3.051,7302
-552.4854,-3.051,7311
-552.1802,-3.051,7320
-553.0957,-3.051,7329
-552.1802,-3.051,7338
-552.1802,-3.051,7347
-552.1802,-3.051,7356
-552.1802,-3.051,7365
-552.1802,-3.051,7374
-552.1802,-3.051,7383
-553.0957,-3.051,7392
-552.1802,-3.051,7401
-552.1802,-3.051,7410
-552.1802,-3.051,7419
-553.0957,-3.051,7428
-552.7905,-3.051,7437
-553.4009,-3.051,7446
-553.0957,-3.051,7455
-553.0957,-3.051,7464
-553.0957,-3.051,7473
-552.7905,-3.051,7482
-552.7905,-3.051,7491
-553.0957,-3.051,7500
-552.7905,-3.051,7509
-553.0957,-3.051,7518
-552.7905,-3.051,7527
-553.0957,-3.051,7536
-552.7905,-3.051,7545
-552.4854,-3.051,7554
-553.0957,-3.051,7563
-552.4854,-3.051,7572
-552.1802,-3.051,7581
-552.4854,-3.051,7590
-552.1802,-3.051,7599
-552.1802,-3.051,7608
-552.1802,-3.051,7617
-552.1802,-3.051,7626
-552.1802,-3.051,7635
-554.0112,-3.051,7644
-554.0112,-3.051,7653
-554.6216,-3.051,7662
-554.0112,-3.051,7671
-554.0112,-3.051,7680
-553.0957,-3.051,7689
-553.0957,-3.051,7698
-553.0957,-3.051,7707
-552.4854,-3.051,7716
-553.0957,-3.051,7725
-552.1802,-3.051,7734
-552.1802,-3.051,7743
-552.1802,-3.051,7752
-553.0957,-3.051,7761
-552.4854,-3.051,7770
-552.4854,-3.051,7779
-552.1802,-3.051,7788
-552.1802,-3.051,7797
-552.4854,-3.051,7806
-553.4009,-3.051,7815
-553.0957,-3.051,7824
-553.4009,-3.051,7833
-553.0957,-3.051,7842
-554.6216,-3.051,7851
-553.0957,-3.051,7860
-552.7905,-3.051,7869
-552.1802,-3.051,7878
-552.1802,-3.051,7887
-552.1802,-3.051,7896
-552.1802,-3.051,7905
-552.4854,-3.051,7914
-552.1802,-3.051,7923
-552.1802,-3.051,7932
-552.4854,-3.051,7941
-552.7905,-3.051,7950
-553.4009,-3.051,7959
-552.4854,-3.051,7968
-552.4854,-3.051,7977
-552.1802,-3.051,7986
-552.1802,-3.051,7995
-552.1802,-3.051,8004
-552.1802,-3.051,8013
-552.1802,-3.051,8022
-552.7905,-3.051,8031
-553.0957,-3.051,8040
-553.0957,-3.051,8049
-553.0957,-3.051,8058
-553.0957,-3.051,8067
-552.1802,-3.051,8076
-552.4854,-3.051,8085
-552.7905,-3.051,8094
-552.7905,-3.051,8103
-553.0957,-3.051,8112
-552.7905,-3.051,8121
-554.0112,-3.051,8130
-552.4854,-3.051,8139
-552.4854,-3.051,8148
-553.0957,-3.051,8157
-552.7905,-3.051,8166
-552.4854,-3.051,8175
-552.4854,-3.051,8184
-552.4854,-3.051,8193
-552.4854,-3.051,8202
-552.7905,-3.051,8211
-552.4854,-3.051,8220
-552.1802,-3.051,8229
-552.1802,-3.051,8238
-552.1802,-3.051,8247
-552.1802,-3.051,8256
-552.1802,-3.051,8265
-552.1802,-3.051,8274
-554.0112,-3.051,8283
-552.1802,-3.051,8292
-552.1802,-3.051,8301
-552.1802,-3.051,8310
-552.1802,-3.051,8319
-552.1802,-3.051,8328
-552.1802,-3.051,8337
-553.4009,-3.051,8346
-552.4854,-3.051,8355
-552.1802,-3.051,8364
-552.1802,-3.051,8373
-552.1802,-3.051,8382
-552.1802,-3.051,8391
-552.1802,-3.051,8400
-552.1802,-3.051,8409
-552.1802,-3.051,8418
-552.1802,-3.051,8427
-552.1802,-3.051,8436
-552.1802,-3.051,8445
-552.1802,-3.051,8454
-552.4854,-3.051,8463
-552.1802,-3.051,8472
-552.1802,-3.051,8481
-552.1802,-3.051,8490
-552.1802,-3.051,8499
-552.1802,-3.051,8508
-553.0957,-3.051,8517
-552.1802,-3.051,8526
-552.7905,-3.051,8535
-552.7905,-3.051,8544
-552.7905,-3.051,8553
-552.4854,-3.051,8562
-552.1802,-3.051,8571
-552.1802,-3.051,8580
-552.1802,-3.051,8589
-552.1802,-3.051,8598
-552.1802,-3.051,8607
-552.1802,-3.051,8616
-552.1802,-3.051,8625
-552.1802,-3.051,8634
-552.1802,-3.051,8643
-552.1802,-3.051,8652
-552.1802,-3.051,8661
-552.1802,-3.051,8670
-552.1802,-3.051,8679
-552.1802,-3.051,8688
-552.1802,-3.051,8697
-552.1802,-3.051,8706
-552.1802,-3.051,8715
-552.1802,-3.051,8724
-552.1802,-3.051,8733
-552.1802,-3.051,8742
-552.1802,-3.051,8751
-552.1802,-3.051,8760
-552.4854,-3.051,8769
-552.1802,-3.051,8778
-552.1802,-3.051,8787
-552.1802,-3.051,8796
-552.1802,-3.051,8805
-552.1802,-3.051,8814
-552.1802,-3.051,8823
-552.1802,-3.051,8832
-552.1802,-3.051,8841
-552.1802,-3.051,8850
-552.1802,-3.051,8859
-552.1802,-3.051,8868
-552.4854,-3.051,8877
-552.1802,-3.051,8886
-552.1802,-3.051,8895
-552.1802,-3.051,8904
-552.1802,-3.051,8913
-552.1802,-3.051,8922
-552.1802,-3.051,8931
-552.1802,-3.051,8940
-552.1802,-3.051,8949
-552.1802,-3.051,8958
-552.1802,-3.051,8967
-552.1802,-3.051,8976
-552.1802,-3.051,8985
-552.1802,-3.051,8994
-552.1802,-3.051,9003
-552.1802,-3.051,9012
-552.1802,-3.051,9021
-552.1802,-3.051,9030
-552.4854,-3.051,9039
-552.1802,-3.051,9048
-552.1802,-3.051,9057
-552.1802,-3.051,9066
-552.1802,-3.051,9075
-552.1802,-3.051,9084
-552.1802,-3.051,9093
-552.1802,-3.051,9102
-552.1802,-3.051,9111
-552.1802,-3.051,9120
-552.1802,-3.051,9129
-552.1802,-3.051,9138
-552.1802,-3.051,9147
-552.1802,-3.051,9156
-550.9595,-3.051,9165
-552.1802,-3.051,9174
-552.1802,-3.051,9183
-552.1802,-3.051,9192
-552.1802,-3.051,9201
-552.1802,-3.051,9210
-552.7905,-3.051,9219
-552.1802,-3.051,9228
-552.1802,-3.051,9237
-552.1802,-3.051,9246
-552.1802,-3.051,9255
-552.1802,-3.051,9264
-552.1802,-3.051,9273
-552.1802,-3.051,9282
-552.1802,-3.051,9291
-552.1802,-3.051,9300
-552.1802,-3.051,9309
-552.1802,-3.051,9318
-552.1802,-3.051,9327
-552.1802,-3.051,9336
-552.1802,-3.051,9345
-552.1802,-3.051,9354
-552.1802,-3.051,9363
-552.1802,-3.051,9372
-552.1802,-3.051,9381
-552.1802,-3.051,9390
-552.1802,-3.051,9399
-552.1802,-3.051,9408
-552.1802,-3.051,9417
-552.1802,-3.051,9426
-552.1802,-3.051,9435
-552.1802,-3.051,9444
-552.1802,-3.051,9453
-552.1802,-3.051,9462
-552.1802,-3.051,9471
-552.1802,-3.051,9480
-552.1802,-3.051,9489
-552.1802,-3.051,9498
-552.1802,-3.051,9507
-552.1802,-3.051,9516
-552.1802,-3.051,9525
-552.1802,-3.051,9534
-552.1802,-3.051,9543
-552.1802,-3.051,9552
-552.1802,-3.051,9561
-552.1802,-3.051,9570
-552.1802,-3.051,9579
-552.1802,-3.051,9588
-552.1802,-3.051,9597
-552.1802,-3.051,9606
-552.1802,-3.051,9615
-552.1802,-3.051,9624
-552.1802,-3.051,9633
-552.1802,-3.051,9642
-552.1802,-3.051,9651
-552.1802,-3.051,9660
-552.1802,-3.051,9669
-552.1802,-3.051,9678
-552.1802,-3.051,9687
-552.1802,-3.051,9696
-552.1802,-3.051,9705
-552.1802,-3.051,9714
-552.1802,-3.051,9723
-552.1802,-3.051,9732
-552.1802,-3.051,9741
-552.1802,-3.051,9750
-552.1802,-3.051,9759
-553.4009,-3.051,9768
-552.1802,-3.051,9777
-552.1802,-3.051,9786
-552.1802,-3.051,9795
-552.1802,-3.051,9804
-552.1802,-3.051,9813
-552.1802,-3.051,9822
-552.1802,-3.051,9831
-552.1802,-3.051,9840
-552.1802,-3.051,9849
-552.1802,-3.051,9858
-553.0957,-3.051,9867
-552.1802,-3.051,9876
-552.4854,-3.051,9885
-552.1802,-3.051,9894
-552.1802,-3.051,9903
-552.1802,-3.051,9912
-552.1802,-3.051,9921
-552.1802,-3.051,9930
-552.1802,-3.051,9939
-552.1802,-3.051,9948
-552.1802,-3.051,9957
-552.1802,-3.051,9966
-552.1802,-3.051,9975
-552.1802,-3.051,9984
-552.1802,-3.051,9993
-552.1802,-3.051,10002
-552.1802,-3.051,10011
-552.1802,-3.051,10020
-552.1802,-3.051,10029
-552.4854,-3.051,10038
-552.1802,-3.051,10047
-552.7905,-3.051,10056
-552.1802,-3.051,10065
-552.1802,-3.051,10074
-552.1802,-3.051,10083
-552.1802,-3.051,10092
-552.1802,-3.051,10101
-552.1802,-3.051,10110
-552.1802,-3.051,10119
-552.1802,-3.051,10128
-552.1802,-3.051,10137
-552.1802,-3.051,10146
-552.1802,-3.051,10155
-552.1802,-3.051,10164
-552.1802,-3.051,10173
-552.1802,-3.051,10182
-552.1802,-3.051,10191
-552.1802,-3.051,10200
-552.1802,-3.051,10209
-552.1802,-3.051,10218
-552.1802,-3.051,10227
-552.1802,-3.051,10236
-552.1802,-3.051,10245
-552.4854,-3.051,10254
-552.1802,-3.051,10263
-552.1802,-3.051,10272
-552.1802,-3.051,10281
-552.1802,-3.051,10290
-552.1802,-3.051,10299
-552.1802,-3.051,10308
-552.1802,-3.051,10317
-553.0957,-3.051,10326
-552.1802,-3.051,10335
-552.1802,-3.051,10344
-552.1802,-3.051,10353
-552.7905,-3.051,10362
-552.1802,-3.051,10371
-552.1802,-3.051,10380
-552.1802,-3.051,10389
-552.1802,-3.051,10398
-552.1802,-3.051,10407
-552.1802,-3.051,10416
-552.1802,-3.051,10425
-552.1802,-3.051,10434
-552.1802,-3.051,10443
-552.1802,-3.051,10452
-552.1802,-3.051,10461
-552.1802,-3.051,10470
-552.1802,-3.051,10479
-552.1802,-3.051,10488
-552.1802,-3.051,10497
-552.1802,-3.051,10506
-552.1802,-3.051,10515
-552.1802,-3.051,10524
-552.1802,-3.051,10533
-552.7905,-3.051,10542
-552.1802,-3.051,10551
-553.4009,-3.051,10560
-552.1802,-3.051,10569
-552.1802,-3.051,10578
-552.1802,-3.051,10587
-553.0957,-3.051,10596
-552.1802,-3.051,10605
-552.1802,-3.051,10614
-552.1802,-3.051,10623
-552.1802,-3.051,10632
-553.0957,-3.051,10641
-552.1802,-3.051,10650
-552.1802,-3.051,10659
-552.1802,-3.051,10668
-552.1802,-3.051,10677
-552.1802,-3.051,10686
-552.1802,-3.051,10695
-552.1802,-3.051,10704
-552.1802,-3.051,10713
-552.1802,-3.051,10722
-552.1802,-3.051,10731
-552.1802,-3.051,10740
-552.1802,-3.051,10749
-552.1802,-3.051,10758
-552.1802,-3.051,10767
-552.1802,-3.051,10776
-552.1802,-3.051,10785
-552.1802,-3.051,10794
-552.1802,-3.051,10803
-552.1802,-3.051,10812
-552.4854,-3.051,10821
-552.1802,-3.051,10830
-552.1802,-3.051,10839
-552.1802,-3.051,10848
-552.7905,-3.051,10857
-552.1802,-3.051,10866
-552.1802,-3.051,10875
-552.1802,-3.051,10884
-552.1802,-3.051,10893
-552.1802,-3.051,10902
-552.1802,-3.051,10911
-552.1802,-3.051,10920
-552.1802,-3.051,10929
-552.1802,-3.051,10938
-552.1802,-3.051,10947
-552.1802,-3.051,10956
-552.1802,-3.051,10965
-552.1802,-3.051,10974
-552.1802,-3.051,10983
-552.1802,-3.051,10992
-552.7905,-3.051,11001
-552.4854,-3.051,11010
-552.1802,-3.051,11019
-552.1802,-3.051,11028
-552.1802,-3.051,11037
-552.1802,-3.051,11046
-552.4854,-3.051,11055
-552.1802,-3.051,11064
-552.1802,-3.051,11073
-552.1802,-3.051,11082
-552.1802,-3.051,11091
-552.1802,-3.051,11100
-552.1802,-3.051,11109
-552.7905,-3.051,11118
-552.1802,-3.051,11127
-552.1802,-3.051,11136
-552.1802,-3.051,11145
-552.1802,-3.051,11154
-552.1802,-3.051,11163
-552.1802,-3.051,11172
-552.4854,-3.051,11181
-552.1802,-3.051,11190
-552.1802,-3.051,11199
-552.1802,-3.051,11208
-552.1802,-3.051,11217
-552.1802,-3.051,11226
-552.4854,-3.051,11235
-552.1802,-3.051,11244
-552.1802,-3.051,11253
-552.1802,-3.051,11262
-552.1802,-3.051,11271
-552.1802,-3.051,11280
-552.1802,-3.051,11289
-552.1802,-3.051,11298
-552.1802,-3.051,11307
-552.1802,-3.051,11316
-552.1802,-3.051,11325
-552.1802,-3.051,11334
-552.1802,-3.051,11343
-552.1802,-3.051,11352
-552.1802,-3.051,11361
-552.1802,-3.051,11370
-552.1802,-3.051,11379
-552.1802,-3.051,11388
-552.1802,-3.051,11397
-552.1802,-3.051,11406
-552.1802,-3.051,11415
-552.1802,-3.051,11424
-552.7905,-3.051,11433
-552.1802,-3.051,11442
-552.1802,-3.051,11451
-552.1802,-3.051,11460
-552.1802,-3.051,11469
-552.1802,-3.051,11478
-552.1802,-3.051,11487
-552.1802,-3.051,11496
-552.1802,-3.051,11505
-552.1802,-3.051,11514
-552.1802,-3.051,11523
-552.1802,-3.051,11532
-552.1802,-3.051,11541
-552.1802,-3.051,11550
-552.1802,-3.051,11559
-553.4009,-3.051,11568
-552.1802,-3.051,11577
-552.1802,-3.051,11586
-552.1802,-3.051,11595
-552.1802,-3.051,11604
-552.7905,-3.051,11613
-552.1802,-3.051,11622
-552.1802,-3.051,11631
-552.1802,-3.051,11640
-552.1802,-3.051,11649
-552.1802,-3.051,11658
-552.1802,-3.051,11667
-552.1802,-3.051,11676
-553.0957,-3.051,11685
-552.1802,-3.051,11694
-552.1802,-3.051,11703
-552.1802,-3.051,11712
-552.1802,-3.051,11721
-552.1802,-3.051,11730
-552.1802,-3.051,11739
-552.1802,-3.051,11748
-552.1802,-3.051,11757
-552.4854,-3.051,11766
-552.1802,-3.051,11775
-552.4854,-3.051,11784
-552.1802,-3.051,11793
-553.0957,-3.051,11802
-552.1802,-3.051,11811
-552.1802,-3.051,11820
-552.4854,-3.051,11829
-552.1802,-3.051,11838
-552.1802,-3.051,11847
-552.1802,-3.051,11856
-552.7905,-3.051,11865
-552.1802,-3.051,11874
-552.1802,-3.051,11883
-552.1802,-3.051,11892
-552.1802,-3.051,11901
-552.1802,-3.051,11910
-552.1802,-3.051,11919
-552.1802,-3.051,11928
-552.1802,-3.051,11937
-552.1802,-3.051,11946
-552.4854,-3.051,11955
-552.1802,-3.051,11964
-552.1802,-3.051,11973
-552.1802,-3.051,11982
-552.1802,-3.051,11991
-552.1802,-3.051,12000
-552.1802,-3.051,12009
-552.1802,-3.051,12018
-552.4854,-3.051,12027
-552.1802,-3.051,12036
-552.1802,-3.051,12045
-552.1802,-3.051,12054
-552.1802,-3.051,12063
-553.4009,-3.051,12072
-552.1802,-3.051,12081
-552.4854,-3.051,12090
-552.1802,-3.051,12099
-552.1802,-3.051,12108
-552.1802,-3.051,12117
-552.1802,-3.051,12126
-552.1802,-3.051,12135
-552.1802,-3.051,12144
-552.1802,-3.051,12153
-552.1802,-3.051,12162
-552.1802,-3.051,12171
-552.1802,-3.051,12180
-552.1802,-3.051,12189
-552.1802,-3.051,12198
-552.1802,-3.051,12207
-552.1802,-3.051,12216
-552.1802,-3.051,12225
-552.1802,-3.051,12234
-552.1802,-3.051,12243
-552.1802,-3.051,12252
-552.1802,-3.051,12261
-552.1802,-3.051,12270
-552.1802,-3.051,12279
-553.0957,-3.051,12288
-552.1802,-3.051,12297
-552.1802,-3.051,12306
-552.1802,-3.051,12315
-552.1802,-3.051,12324
-552.1802,-3.051,12333
-552.1802,-3.051,12342
-552.1802,-3.051,12351
-552.1802,-3.051,12360
-552.1802,-3.051,12369
-552.1802,-3.051,12378
-552.1802,-3.051,12387
-552.1802,-3.051,12396
-552.1802,-3.051,12405
-552.1802,-3.051,12414
-552.1802,-3.051,12423
-552.1802,-3.051,12432
-552.1802,-3.051,12441
-552.1802,-3.051,12450
-552.1802,-3.051,12459
-552.1802,-3.051,12468
-552.1802,-3.051,12477
-552.1802,-3.051,12486
-552.4854,-3.051,12495
-552.1802,-3.051,12504
-552.1802,-3.051,12513
-552.1802,-3.051,12522
-552.1802,-3.051,12531
-552.1802,-3.051,12540
-552.1802,-3.051,12549
-552.1802,-3.051,12558
-552.1802,-3.051,12567
-552.1802,-3.051,12576
-552.1802,-3.051,12585
-552.1802,-3.051,12594
-552.1802,-3.051,12603
-552.1802,-3.051,12612
-552.1802,-3.051,12621
-552.1802,-3.051,12630
-552.1802,-3.051,12639
-552.1802,-3.051,12648
-552.1802,-3.051,12657
-552.1802,-3.051,12666
-552.1802,-3.051,12675
-552.1802,-3.051,12684
-552.4854,-3.051,12693
-552.1802,-3.051,12702
-552.1802,-3.051,12711
-552.4854,-3.051,12720
-552.1802,-3.051,12729
-552.1802,-3.051,12738
-552.1802,-3.051,12747
-552.1802,-3.051,12756
-552.1802,-3.051,12765
-552.1802,-3.051,12774
-552.1802,-3.051,12783
-552.1802,-3.051,12792
-552.1802,-3.051,12801
-552.1802,-3.051,12810
-552.1802,-3.051,12819
-552.1802,-3.051,12828
-552.1802,-3.051,12837
-552.1802,-3.051,12846
-552.1802,-3.051,12855
-552.4854,-3.051,12864
-552.1802,-3.051,12873
-552.1802,-3.051,12882
-552.1802,-3.051,12891
-552.1802,-3.051,12900
-552.1802,-3.051,12909
-552.1802,-3.051,12918
-552.1802,-3.051,12927
-552.1802,-3.051,12936
-552.4854,-3.051,12945
-552.1802,-3.051,12954
-552.7905,-3.051,12963
-552.1802,-3.051,12972
-552.1802,-3.051,12981
-552.1802,-3.051,12990
-552.1802,-3.051,12999
-552.1802,-3.051,13008
-552.1802,-3.051,13017
-552.1802,-3.051,13026
-552.1802,-3.051,13035
-552.1802,-3.051,13044
-552.1802,-3.051,13053
-552.1802,-3.051,13062
-552.1802,-3.051,13071
-552.1802,-3.051,13080
-552.1802,-3.051,13089
-552.1802,-3.051,13098
-552.1802,-3.051,13107
-552.1802,-3.051,13116
-552.1802,-3.051,13125
-552.1802,-3.051,13134
-552.1802,-3.051,13143
-552.1802,-3.051,13152
-552.1802,-3.051,13161
-552.1802,-3.051,13170
-552.1802,-3.051,13179
-552.1802,-3.051,13188
-552.1802,-3.051,13197
-552.1802,-3.051,13206
-552.1802,-3.051,13215
-552.1802,-3.051,13224
-552.1802,-3.051,13233
-552.4854,-3.051,13242
-552.7905,-3.051,13251
-552.4854,-3.051,13260
-552.7905,-3.051,13269
-552.1802,-3.051,13278
-552.1802,-3.051,13287
-552.1802,-3.051,13296
-552.4854,-3.051,13305
-552.1802,-3.051,13314
-552.1802,-3.051,13323
-553.0957,-3.051,13332
-552.1802,-3.051,13341
-552.7905,-3.051,13350
-552.1802,-3.051,13359
-552.1802,-3.051,13368
-552.1802,-3.051,13377
-552.1802,-3.051,13386
-552.1802,-3.051,13395
-552.1802,-3.051,13404
-552.1802,-3.051,13413
-552.1802,-3.051,13422
-552.1802,-3.051,13431
-552.1802,-3.051,13440
-552.1802,-3.051,13449
-552.1802,-3.051,13458
-552.4854,-3.051,13467
-552.1802,-3.051,13476
-552.1802,-3.051,13485
-552.1802,-3.051,13494
-552.1802,-3.051,13503
-552.4854,-3.051,13512
-552.1802,-3.051,13521
-552.1802,-3.051,13530
-552.1802,-3.051,13539
-552.1802,-3.051,13548
-552.1802,-3.051,13557
-552.1802,-3.051,13566
-552.1802,-3.051,13575
-552.1802,-3.051,13584
-552.1802,-3.051,13593
-552.1802,-3.051,13602
-552.1802,-3.051,13611
-552.4854,-3.051,13620
-552.1802,-3.051,13629
-552.1802,-3.051,13638
-552.1802,-3.051,13647
-552.1802,-3.051,13656
-552.1802,-3.051,13665
-552.1802,-3.051,13674
-552.1802,-3.051,13683
-552.1802,-3.051,13692
-552.1802,-3.051,13701
-552.1802,-3.051,13710
-552.1802,-3.051,13719
-552.1802,-3.051,13728
-552.1802,-3.051,13737
-552.1802,-3.051,13746
-553.0957,-3.051,13755
-552.1802,-3.051,13764
-552.1802,-3.051,13773
-552.1802,-3.051,13782
-552.1802,-3.051,13791
-552.1802,-3.051,13800
-552.1802,-3.051,13809
-552.1802,-3.051,13818
-552.1802,-3.051,13827
-552.7905,-3.051,13836
-552.1802,-3.051,13845
-552.1802,-3.051,13854
-552.1802,-3.051,13863
-552.1802,-3.051,13872
-552.1802,-3.051,13881
-552.1802,-3.051,13890
-552.1802,-3.051,13899
-552.1802,-3.051,13908
-552.4854,-3.051,13917
-552.4854,-3.051,13926
-552.1802,-3.051,13935
-552.1802,-3.051,13944
-552.4854,-3.051,13953
-552.1802,-3.051,13962
-553.4009,-3.051,13971
-552.1802,-3.051,13980
-552.1802,-3.051,13989
-553.4009,-3.051,13998
-552.1802,-3.051,14007
-552.1802,-3.051,14016
-552.4854,-3.051,14025
-553.0957,-3.051,14034
-552.1802,-3.051,14043
-552.1802,-3.051,14052
-552.1802,-3.051,14061
-552.1802,-3.051,14070
-552.1802,-3.051,14079
-552.7905,-3.051,14088
-552.1802,-3.051,14097
-552.1802,-3.051,14106
-552.1802,-3.051,14115
-552.1802,-3.051,14124
-552.1802,-3.051,14133
-552.1802,-3.051,14142
-552.7905,-3.051,14151
-552.4854,-3.051,14160
-552.1802,-3.051,14169
-552.1802,-3.051,14178
-552.1802,-3.051,14187
-552.1802,-3.051,14196
-552.1802,-3.051,14205
-552.1802,-3.051,14214
-553.0957,-3.051,14223
-552.1802,-3.051,14232
-552.1802,-3.051,14241
-552.1802,-3.051,14250
-552.1802,-3.051,14259
-552.1802,-3.051,14268
-552.1802,-3.051,14277
-552.1802,-3.051,14286
-552.1802,-3.051,14295
-552.1802,-3.051,14304
-552.1802,-3.051,14313
-552.1802,-3.051,14322
-552.1802,-3.051,14331
-552.1802,-3.051,14340
-552.1802,-3.051,14349
-552.1802,-3.051,14358
-552.1802,-3.051,14367
-552.1802,-3.051,14376
-552.1802,-3.051,14385
-552.1802,-3.051,14394
-552.1802,-3.051,14403
-552.1802,-3.051,14412
-552.1802,-3.051,14421
-552.7905,-3.051,14430
-552.1802,-3.051,14439
-552.1802,-3.051,14448
-552.1802,-3.051,14457
-552.1802,-3.051,14466
-552.1802,-3.051,14475
-552.1802,-3.051,14484
-552.1802,-3.051,14493
-552.1802,-3.051,14502
-552.1802,-3.051,14511
-552.4854,-3.051,14520
-552.1802,-3.051,14529
-552.1802,-3.051,14538
-552.1802,-3.051,14547
-552.1802,-3.051,14556
-552.1802,-3.051,14565
-552.1802,-3.051,14574
-552.1802,-3.051,14583
-552.1802,-3.051,14592
-552.1802,-3.051,14601
-552.1802,-3.051,14610
-552.1802,-3.051,14619
-552.1802,-3.051,14628
-552.1802,-3.051,14637
-552.7905,-3.051,14646
-552.4854,-3.051,14655
-552.1802,-3.051,14664
-552.1802,-3.051,14673
-552.4854,-3.051,14682
-552.1802,-3.051,14691
-552.1802,-3.051,14700
-552.1802,-3.051,14709
-552.1802,-3.051,14718
-552.4854,-3.051,14727
-552.1802,-3.051,14736
-552.1802,-3.051,14745
-552.1802,-3.051,14754
-552.1802,-3.051,14763
-552.1802,-3.051,14772
-552.1802,-3.051,14781
-552.1802,-3.051,14790
-552.1802,-3.051,14799
-552.1802,-3.051,14808
-552.1802,-3.051,14817
-552.1802,-3.051,14826
-552.4854,-3.051,14835
-552.1802,-3.051,14844
-552.4854,-3.051,14853
-552.7905,-3.051,14862
-552.4854,-3.051,14871
-552.1802,-3.051,14880
-552.1802,-3.051,14889
-552.1802,-3.051,14898
-552.1802,-3.051,14907
-552.1802,-3.051,14916
-552.1802,-3.051,14925
-553.4009,-3.051,14934
-552.1802,-3.051,14943
-552.1802,-3.051,14952
-552.4854,-3.051,14961
-552.1802,-3.051,14970
-552.7905,-3.051,14979
-552.1802,-3.051,14988
-552.1802,-3.051,14997
-552.1802,-3.051,15006
-552.4854,-3.051,15015
-552.4854,-3.051,15024
-553.0957,-3.051,15033
-552.1802,-3.051,15042
-552.1802,-3.051,15051
-552.4854,-3.051,15060
-552.1802,-3.051,15069
-552.1802,-3.051,15078
-552.1802,-3.051,15087
-552.1802,-3.051,15096
-552.1802,-3.051,15105
-552.1802,-3.051,15114
-552.1802,-3.051,15123
-552.1802,-3.051,15132
-552.1802,-3.051,15141
-552.1802,-3.051,15150
-552.1802,-3.051,15159
-552.1802,-3.051,15168
-552.1802,-3.051,15177
-552.1802,-3.051,15186
-552.1802,-3.051,15195
-552.1802,-3.051,15204
-552.4854,-3.051,15213
-552.4854,-3.051,15222
-552.4854,-3.051,15231
-552.4854,-3.051,15240
-553.0957,-3.051,15249
-552.4854,-3.051,15258
-552.4854,-3.051,15267
-552.1802,-3.051,15276
-552.1802,-3.051,15285
-552.4854,-3.051,15294
-552.1802,-3.051,15303
-552.4854,-3.051,15312
-552.1802,-3.051,15321
-552.4854,-3.051,15330
-552.1802,-3.051,15339
-552.1802,-3.051,15348
-552.1802,-3.051,15357
-552.1802,-3.051,15366
-552.1802,-3.051,15375
-552.1802,-3.051,15384
-552.1802,-3.051,15393
-552.1802,-3.051,15402
-552.1802,-3.051,15411
-552.1802,-3.051,15420
-552.1802,-3.051,15429
-552.1802,-3.051,15438
-552.1802,-3.051,15447
-552.4854,-3.051,15456
-552.7905,-3.051,15465
-552.7905,-3.051,15474
-552.4854,-3.051,15483
-552.1802,-3.051,15492
-552.1802,-3.051,15501
-552.1802,-3.051,15510
-552.1802,-3.051,15519
-552.1802,-3.051,15528
-552.1802,-3.051,15537
-552.1802,-3.051,15546
-552.1802,-3.051,15555
-552.4854,-3.051,15564
-552.1802,-3.051,15573
-552.1802,-3.051,15582
-552.1802,-3.051,15591
-552.1802,-3.051,15600
-552.1802,-3.051,15609
-552.4854,-3.051,15618
-552.1802,-3.051,15627
-552.4854,-3.051,15636
-554.6216,-3.051,15645
-552.1802,-3.051,15654
-552.1802,-3.051,15663
-552.4854,-3.051,15672
-552.4854,-3.051,15681
-552.1802,-3.051,15690
-552.1802,-3.051,15699
-553.4009,-3.051,15708
-552.4854,-3.051,15717
-552.4854,-3.051,15726
-552.4854,-3.051,15735
-552.7905,-3.051,15744
-552.7905,-3.051,15753
-552.4854,-3.051,15762
-552.7905,-3.051,15771
-552.1802,-3.051,15780
-552.4854,-3.051,15789
-552.4854,-3.051,15798
-552.1802,-3.051,15807
-552.4854,-3.051,15816
-552.1802,-3.051,15825
-552.7905,-3.051,15834
-552.1802,-3.051,15843
-552.1802,-3.051,15852
-552.1802,-3.051,15861
-552.1802,-3.051,15870
-552.7905,-3.051,15879
-552.1802,-3.051,15888
-553.4009,-3.051,15897
-552.1802,-3.051,15906
-552.7905,-3.051,15915
-552.1802,-3.051,15924
-552.1802,-3.051,15933
-552.4854,-3.051,15942
-552.4854,-3.051,15951
-553.4009,-3.051,15960
-553.0957,-3.051,15969
-553.7061,-3.051,15978
-554.0112,-3.051,15987
-552.7905,-3.051,15996
-552.4854,-3.051,16005
-552.4854,-3.051,16014
-552.7905,-3.051,16023
-552.4854,-3.051,16032
-552.1802,-3.051,16041
-553.0957,-3.051,16050
-552.4854,-3.051,16059
-553.0957,-3.051,16068
-552.4854,-3.051,16077
-552.4854,-3.051,16086
-552.7905,-3.051,16095
-552.7905,-3.051,16104
-553.4009,-3.051,16113
-552.7905,-3.051,16122
-552.7905,-3.051,16131
-553.0957,-3.051,16140
-552.4854,-3.051,16149
-552.1802,-3.051,16158
-553.0957,-3.051,16167
-553.0957,-3.051,16176
-553.0957,-3.051,16185
-553.0957,-3.051,16194
-553.0957,-3.051,16203
-553.0957,-3.051,16212
-553.0957,-3.051,16221
-552.7905,-3.051,16230
-552.7905,-3.051,16239
-553.0957,-3.051,16248
-552.7905,-3.051,16257
-554.0112,-3.051,16266
-553.0957,-3.051,16275
-552.7905,-3.051,16284
-552.4854,-3.051,16293
-552.4854,-3.051,16302
-552.4854,-3.051,16311
-552.4854,-3.051,16320
-553.4009,-3.051,16329
-552.7905,-3.051,16338
-553.0957,-3.051,16347
-552.7905,-3.051,16356
-553.0957,-3.051,16365
-553.4009,-3.051,16374
-553.4009,-3.051,16383
-554.0112,-3.051,16392
-552.7905,-3.051,16401
-552.4854,-3.051,16410
-552.4854,-3.051,16419
-552.4854,-3.051,16428
-553.0957,-3.051,16437
-553.0957,-3.051,16446
-552.7905,-3.051,16455
-552.4854,-3.051,16464
-552.4854,-3.051,16473
-553.0957,-3.051,16482
-552.4854,-3.051,16491
-553.4009,-3.051,16500
-552.1802,-3.051,16509
-552.4854,-3.051,16518
-552.1802,-3.051,16527
-552.1802,-3.051,16536
-552.4854,-3.051,16545
-553.0957,-3.051,16554
-552.4854,-3.051,16563
-553.0957,-3.051,16572
-553.0957,-3.051,16581
-552.7905,-3.051,16590
-552.7905,-3.051,16599
-553.0957,-3.051,16608
-553.0957,-3.051,16617
-553.0957,-3.051,16626
-553.0957,-3.051,16635
-553.4009,-3.051,16644
-552.7905,-3.051,16653
-552.7905,-3.051,16662
-553.0957,-3.051,16671
-553.0957,-3.051,16680
-553.0957,-3.051,16689
-552.7905,-3.051,16698
-554.0112,-3.051,16707
-552.7905,-3.051,16716
-552.7905,-3.051,16725
-552.7905,-3.051,16734
-553.0957,-3.051,16743
-553.0957,-3.051,16752
-552.7905,-3.051,16761
-552.7905,-3.051,16770
-552.7905,-3.051,16779
-552.4854,-3.051,16788
-552.4854,-3.051,16797
-552.4854,-3.051,16806
-552.7905,-3.051,16815
-552.7905,-3.051,16824
-552.7905,-3.051,16833
-552.4854,-3.051,16842
-553.4009,-3.051,16851
-552.1802,-3.051,16860
-552.1802,-3.051,16869
-552.7905,-3.051,16878
-552.1802,-3.051,16887
-553.4009,-3.051,16896
-552.4854,-3.051,16905
-552.4854,-3.051,16914
-552.4854,-3.051,16923
-554.0112,-3.051,16932
-552.7905,-3.051,16941
-552.1802,-3.051,16950
-552.7905,-3.051,16959
-552.4854,-3.051,16968
-553.4009,-3.051,16977
-552.7905,-3.051,16986
-553.0957,-3.051,16995
-552.1802,-3.051,17004
-552.1802,-3.051,17013
-552.7905,-3.051,17022
-552.7905,-3.051,17031
-552.7905,-3.051,17040
-552.7905,-3.051,17049
-552.4854,-3.051,17058
-552.4854,-3.051,17067
-552.7905,-3.051,17076
-552.7905,-3.051,17085
-552.4854,-3.051,17094
-553.0957,-3.051,17103
-552.4854,-3.051,17112
-552.1802,-3.051,17121
-552.1802,-3.051,17130
-552.7905,-3.051,17139
-552.1802,-3.051,17148
-552.7905,-3.051,17157
-553.0957,-3.051,17166
-553.0957,-3.051,17175
-552.7905,-3.051,17184
-553.0957,-3.051,17193
-552.7905,-3.051,17202
-553.0957,-3.051,17211
-552.7905,-3.051,17220
-552.7905,-3.051,17229
-553.4009,-3.051,17238
-553.0957,-3.051,17247
-553.0957,-3.051,17256
-552.7905,-3.051,17265
-553.0957,-3.051,17274
-553.0957,-3.051,17283
-553.0957,-3.051,17292
-552.7905,-3.051,17301
-552.4854,-3.051,17310
-552.7905,-3.051,17319
-552.4854,-3.051,17328
-554.0112,-3.051,17337
-552.7905,-3.051,17346
-553.4009,-3.051,17355
-552.7905,-3.051,17364
-553.0957,-3.051,17373
-552.7905,-3.051,17382
-552.4854,-3.051,17391
-552.7905,-3.051,17400
-552.7905,-3.051,17409
-552.1802,-3.051,17418
-552.7905,-3.051,17427
-552.4854,-3.051,17436
-552.7905,-3.051,17445
-553.0957,-3.051,17454
-553.0957,-3.051,17463
-552.7905,-3.051,17472
-552.7905,-3.051,17481
-552.4854,-3.051,17490
-553.0957,-3.051,17499
-553.0957,-3.051,17508
-552.7905,-3.051,17517
-553.0957,-3.051,17526
-553.0957,-3.051,17535
-552.7905,-3.051,17544
-553.0957,-3.051,17553
-553.0957,-3.051,17562
-553.4009,-3.051,17571
-552.7905,-3.051,17580
-552.7905,-3.051,17589
-552.4854,-3.051,17598
-552.7905,-3.051,17607
-554.0112,-3.051,17616
-552.7905,-3.051,17625
-553.0957,-3.051,17634
-553.4009,-3.051,17643
-553.0957,-3.051,17652
-553.0957,-3.051,17661
-552.7905,-3.051,17670
-552.4854,-3.051,17679
-552.7905,-3.051,17688
-552.1802,-3.051,17697
-553.0957,-3.051,17706
-552.4854,-3.051,17715
-552.7905,-3.051,17724
-553.4009,-3.051,17733
-553.0957,-3.051,17742
-552.7905,-3.051,17751
-553.0957,-3.051,17760
-553.0957,-3.051,17769
-552.7905,-3.051,17778
-552.4854,-3.051,17787
-552.7905,-3.051,17796
-552.7905,-3.051,17805
-552.1802,-3.051,17814
-552.4854,-3.051,17823
-552.4854,-3.051,17832
-552.4854,-3.051,17841
-552.4854,-3.051,17850
-552.4854,-3.051,17859
-554.0112,-3.051,17868
-552.1802,-3.051,17877
-553.4009,-3.051,17886
-552.7905,-3.051,17895
-552.1802,-3.051,17904
-552.7905,-3.051,17913
-552.7905,-3.051,17922
-552.7905,-3.051,17931
-552.7905,-3.051,17940
-552.4854,-3.051,17949
-553.0957,-3.051,17958
-552.7905,-3.051,17967
-553.0957,-3.051,17976
-552.1802,-3.051,17985
-552.4854,-3.051,17994
-552.4854,-3.051,18003
-552.1802,-3.051,18012
-552.7905,-3.051,18021
-552.4854,-3.051,18030
-552.7905,-3.051,18039
-553.0957,-3.051,18048
-552.1802,-3.051,18057
-552.1802,-3.051,18066
-552.1802,-3.051,18075
-553.0957,-3.051,18084
-552.4854,-3.051,18093
-552.7905,-3.051,18102
-552.4854,-3.051,18111
-552.4854,-3.051,18120
-552.7905,-3.051,18129
-552.1802,-3.051,18138
-552.7905,-3.051,18147
-552.7905,-3.051,18156
-552.1802,-3.051,18165
-553.0957,-3.051,18174
-552.7905,-3.051,18183
-552.7905,-3.051,18192
-552.7905,-3.051,18201
-553.0957,-3.051,18210
-552.7905,-3.051,18219
-552.4854,-3.051,18228
-552.4854,-3.051,18237
-552.4854,-3.051,18246
-552.4854,-3.051,18255
-552.7905,-3.051,18264
-552.4854,-3.051,18273
-553.0957,-3.051,18282
-552.1802,-3.051,18291
-553.4009,-3.051,18300
-552.1802,-3.051,18309
-552.7905,-3.051,18318
-552.7905,-3.051,18327
-552.1802,-3.051,18336
-552.4854,-3.051,18345
-552.1802,-3.051,18354
-552.1802,-3.051,18363
-552.1802,-3.051,18372
-552.7905,-3.051,18381
-552.4854,-3.051,18390
-552.1802,-3.051,18399
-552.1802,-3.051,18408
-552.4854,-3.051,18417
-553.0957,-3.051,18426
-552.7905,-3.051,18435
-552.1802,-3.051,18444
-553.0957,-3.051,18453
-552.7905,-3.051,18462
-554.6216,-3.051,18471
-552.7905,-3.051,18480
-552.7905,-3.051,18489
-552.7905,-3.051,18498
-552.4854,-3.051,18507
-553.4009,-3.051,18516
-552.4854,-3.051,18525
-552.4854,-3.051,18534
-552.7905,-3.051,18543
-553.0957,-3.051,18552
-554.0112,-3.051,18561
-553.0957,-3.051,18570
-552.1802,-3.051,18579
-552.7905,-3.051,18588
-552.4854,-3.051,18597
-553.4009,-3.051,18606
-552.7905,-3.051,18615
-552.1802,-3.051,18624
-552.7905,-3.051,18633
-552.4854,-3.051,18642
-552.4854,-3.051,18651
-552.1802,-3.051,18660
-552.7905,-3.051,18669
-552.7905,-3.051,18678
-552.1802,-3.051,18687
-553.0957,-3.051,18696
-552.4854,-3.051,18705
-552.1802,-3.051,18714
-552.7905,-3.051,18723
-552.1802,-3.051,18732
-552.7905,-3.051,18741
-552.1802,-3.051,18750
-552.1802,-3.051,18759
-552.1802,-3.051,18768
-552.1802,-3.051,18777
-553.0957,-3.051,18786
-552.1802,-3.051,18795
-552.4854,-3.051,18804
-552.1802,-3.051,18813
-552.7905,-3.051,18822
-552.4854,-3.051,18831
-552.4854,-3.051,18840
-552.4854,-3.051,18849
-553.0957,-3.051,18858
-552.1802,-3.051,18867
-552.1802,-3.051,18876
-552.4854,-3.051,18885
-552.4854,-3.051,18894
-552.1802,-3.051,18903
-552.1802,-3.051,18912
-552.4854,-3.051,18921
-553.0957,-3.051,18930
-552.7905,-3.051,18939
-553.4009,-3.051,18948
-554.0112,-3.051,18957
-553.4009,-3.051,18966
-552.7905,-3.051,18975
-553.0957,-3.051,18984
-553.4009,-3.051,18993
-552.7905,-3.051,19002
-552.7905,-3.051,19011
-552.1802,-3.051,19020
-552.1802,-3.051,19029
-552.1802,-3.051,19038
-552.1802,-3.051,19047
-552.1802,-3.051,19056
-552.7905,-3.051,19065
-552.7905,-3.051,19074
-552.4854,-3.051,19083
-552.7905,-3.051,19092
-552.7905,-3.051,19101
-553.4009,-3.051,19110
-553.0957,-3.051,19119
-553.0957,-3.051,19128
-554.0112,-3.051,19137
-552.4854,-3.051,19146
-552.7905,-3.051,19155
-553.0957,-3.051,19164
-552.7905,-3.051,19173
-553.0957,-3.051,19182
-552.7905,-3.051,19191
-553.0957,-3.051,19200
-553.4009,-3.051,19209
-552.7905,-3.051,19218
-553.0957,-3.051,19227
-552.4854,-3.051,19236
-553.0957,-3.051,19245
-552.4854,-3.051,19254
-552.1802,-3.051,19263
-552.7905,-3.051,19272
-552.7905,-3.051,19281
-552.1802,-3.051,19290
-553.0957,-3.051,19299
-552.4854,-3.051,19308
-553.0957,-3.051,19317
-552.7905,-3.051,19326
-552.7905,-3.051,19335
-554.6216,-3.051,19344
-553.0957,-3.051,19353
-552.1802,-3.051,19362
-553.0957,-3.051,19371
-553.0957,-3.051,19380
-553.0957,-3.051,19389
-553.4009,-3.051,19398
-553.0957,-3.051,19407
-552.7905,-3.051,19416
-552.7905,-3.051,19425
-553.0957,-3.051,19434
-552.4854,-3.051,19443
-552.7905,-3.051,19452
-553.4009,-3.051,19461
-554.6216,-3.051,19470
-553.0957,-3.051,19479
-552.7905,-3.051,19488
-553.4009,-3.051,19497
-552.7905,-3.051,19506
-554.6216,-3.051,19515
-552.7905,-3.051,19524
-552.4854,-3.051,19533
-552.4854,-3.051,19542
-553.4009,-3.051,19551
-552.7905,-3.051,19560
-553.0957,-3.051,19569
-552.7905,-3.051,19578
-554.6216,-3.051,19587
-552.1802,-3.051,19596
-552.7905,-3.051,19605
-552.7905,-3.051,19614
-553.0957,-3.051,19623
-554.0112,-3.051,19632
-552.4854,-3.051,19641
-552.7905,-3.051,19650
-552.4854,-3.051,19659
-552.1802,-3.051,19668
-553.0957,-3.051,19677
-552.7905,-3.051,19686
-554.6216,-3.051,19695
-552.4854,-3.051,19704
-552.4854,-3.051,19713
-553.0957,-3.051,19722
-552.7905,-3.051,19731
-553.4009,-3.051,19740
-552.4854,-3.051,19749
-554.6216,-3.051,19758
-552.4854,-3.051,19767
-553.4009,-3.051,19776
-552.1802,-3.051,19785
-554.0112,-3.051,19794
-552.1802,-3.051,19803
-552.4854,-3.051,19812
-553.4009,-3.051,19821
-552.4854,-3.051,19830
-552.7905,-3.051,19839
-553.0957,-3.051,19848
-552.7905,-3.051,19857
-553.4009,-3.051,19866
-552.7905,-3.051,19875
-552.4854,-3.051,19884
-552.7905,-3.051,19893
-552.7905,-3.051,19902
-552.4854,-3.051,19911
-552.1802,-3.051,19920
-552.7905,-3.051,19929
-553.0957,-3.051,19938
-552.4854,-3.051,19947
-553.4009,-3.051,19956
-552.4854,-3.051,19965
-552.4854,-3.051,19974
-553.0957,-3.051,19983
-552.4854,-3.051,19992
-552.1802,-3.051,20001
-552.4854,-3.051,20010
-552.1802,-3.051,20019
-552.7905,-3.051,20028
-553.0957,-3.051,20037
-553.0957,-3.051,20046
-553.0957,-3.051,20055
-554.0112,-3.051,20064
-553.0957,-3.051,20073
-553.0957,-3.051,20082
-552.7905,-3.051,20091
-552.7905,-3.051,20100
-553.4009,-3.051,20109
-552.7905,-3.051,20118
-552.1802,-3.051,20127
-552.1802,-3.051,20136
-552.1802,-3.051,20145
-552.1802,-3.051,20154
-552.1802,-3.051,20163
-553.4009,-3.051,20172
-553.0957,-3.051,20181
-553.0957,-3.051,20190
-552.7905,-3.051,20199
-553.0957,-3.051,20208
-553.0957,-3.051,20217
-552.7905,-3.051,20226
-553.0957,-3.051,20235
-553.4009,-3.051,20244
-554.6216,-3.051,20253
-553.4009,-3.051,20262
-553.4009,-3.051,20271
-552.7905,-3.051,20280
-552.7905,-3.051,20289
-552.7905,-3.051,20298
-552.4854,-3.051,20307
-552.4854,-3.051,20316
-552.4854,-3.051,20325
-552.1802,-3.051,20334
-552.1802,-3.051,20343
-554.6216,-3.051,20352
-552.1802,-3.051,20361
-552.1802,-3.051,20370
-553.0957,-3.051,20379
-552.4854,-3.051,20388
-552.1802,-3.051,20397
-552.7905,-3.051,20406
-552.4854,-3.051,20415
-552.7905,-3.051,20424
-553.0957,-3.051,20433
-553.0957,-3.051,20442
-552.1802,-3.051,20451
-552.1802,-3.051,20460
-552.1802,-3.051,20469
-552.1802,-3.051,20478
-552.1802,-3.051,20487
-552.1802,-3.051,20496
-552.1802,-3.051,20505
-552.1802,-3.051,20514
-552.4854,-3.051,20523
-552.1802,-3.051,20532
-552.7905,-3.051,20541
-552.7905,-3.051,20550
-552.1802,-3.051,20559
-553.4009,-3.051,20568
-552.1802,-3.051,20577
-552.1802,-3.051,20586
-554.6216,-3.051,20595
-552.1802,-3.051,20604
-552.1802,-3.051,20613
-552.1802,-3.051,20622
-552.1802,-3.051,20631
-552.1802,-3.051,20640
-552.1802,-3.051,20649
-552.1802,-3.051,20658
-552.1802,-3.051,20667
-552.7905,-3.051,20676
-552.1802,-3.051,20685
-552.1802,-3.051,20694
-552.1802,-3.051,20703
-552.1802,-3.051,20712
-552.1802,-3.051,20721
-552.1802,-3.051,20730
-552.1802,-3.051,20739
-553.0957,-3.051,20748
-552.1802,-3.051,20757
-554.0112,-3.051,20766
-552.1802,-3.051,20775
-552.1802,-3.051,20784
-552.4854,-3.051,20793
-552.4854,-3.051,20802
-553.0957,-3.051,20811
-552.7905,-3.051,20820
-552.4854,-3.051,20829
-553.0957,-3.051,20838
-552.1802,-3.051,20847
-552.7905,-3.051,20856
-552.4854,-3.051,20865
-552.1802,-3.051,20874
-552.4854,-3.051,20883
-552.7905,-3.051,20892
-552.1802,-3.051,20901
-552.7905,-3.051,20910
-552.7905,-3.051,20919
-552.4854,-3.051,20928
-552.4854,-3.051,20937
-552.7905,-3.051,20946
-552.4854,-3.051,20955
-552.4854,-3.051,20964
-552.4854,-3.051,20973
-553.0957,-3.051,20982
-553.0957,-3.051,20991
-552.4854,-3.051,21000
-552.7905,-3.051,21009
-552.1802,-3.051,21018
-552.4854,-3.051,21027
-552.7905,-3.051,21036
-553.7061,-3.051,21045
-552.7905,-3.051,21054
-553.4009,-3.051,21063
-552.1802,-3.051,21072
-552.4854,-3.051,21081
-552.4854,-3.051,21090
-552.7905,-3.051,21099
-552.4854,-3.051,21108
-552.1802,-3.051,21117
-552.1802,-3.051,21126
-552.7905,-3.051,21135
-552.1802,-3.051,21144
-553.4009,-3.051,21153
-552.1802,-3.051,21162
-552.4854,-3.051,21171
-552.7905,-3.051,21180
-554.6216,-3.051,21189
-553.4009,-3.051,21198
-553.4009,-3.051,21207
-552.7905,-3.051,21216
-552.1802,-3.051,21225
-552.7905,-3.051,21234
-552.4854,-3.051,21243
-552.7905,-3.051,21252
-553.0957,-3.051,21261
-552.4854,-3.051,21270
-554.6216,-3.051,21279
-552.7905,-3.051,21288
-552.1802,-3.051,21297
-552.7905,-3.051,21306
-552.1802,-3.051,21315
-552.7905,-3.051,21324
-552.1802,-3.051,21333
-552.1802,-3.051,21342
-552.7905,-3.051,21351
-552.4854,-3.051,21360
-554.0112,-3.051,21369
-552.4854,-3.051,21378
-553.0957,-3.051,21387
-552.4854,-3.051,21396
-552.4854,-3.051,21405
-552.7905,-3.051,21414
-553.0957,-3.051,21423
-553.4009,-3.051,21432
-552.4854,-3.051,21441
-552.7905,-3.051,21450
-552.7905,-3.051,21459
-552.1802,-3.051,21468
-552.7905,-3.051,21477
-552.1802,-3.051,21486
-552.1802,-3.051,21495
-552.1802,-3.051,21504
-552.1802,-3.051,21513
-552.1802,-3.051,21522
-552.4854,-3.051,21531
-552.1802,-3.051,21540
-552.1802,-3.051,21549
-552.1802,-3.051,21558
-552.4854,-3.051,21567
-552.4854,-3.051,21576
-554.6216,-3.051,21585
-552.1802,-3.051,21594
-553.4009,-3.051,21603
-552.4854,-3.051,21612
-552.4854,-3.051,21621
-552.1802,-3.051,21630
-552.4854,-3.051,21639
-552.7905,-3.051,21648
-552.7905,-3.051,21657
-553.0957,-3.051,21666
-552.7905,-3.051,21675
-552.7905,-3.051,21684
-552.7905,-3.051,21693
-553.0957,-3.051,21702
-552.7905,-3.051,21711
-553.0957,-3.051,21720
-553.4009,-3.051,21729
-552.4854,-3.051,21738
-552.7905,-3.051,21747
-553.4009,-3.051,21756
-553.4009,-3.051,21765
-553.0957,-3.051,21774
-552.7905,-3.051,21783
-554.0112,-3.051,21792
-552.4854,-3.051,21801
-552.4854,-3.051,21810
-553.0957,-3.051,21819
-552.7905,-3.051,21828
-553.0957,-3.051,21837
-552.4854,-3.051,21846
-553.0957,-3.051,21855
-553.4009,-3.051,21864
-553.0957,-3.051,21873
-553.0957,-3.051,21882
-553.0957,-3.051,21891
-553.4009,-3.051,21900
-553.0957,-3.051,21909
-553.0957,-3.051,21918
-552.7905,-3.051,21927
-553.0957,-3.051,21936
-553.4009,-3.051,21945
-552.7905,-3.051,21954
-553.0957,-3.051,21963
-553.4009,-3.051,21972
-552.7905,-3.051,21981
-554.6216,-3.051,21990
-552.4854,-3.051,21999
-553.4009,-3.051,22008
-552.1802,-3.051,22017
-553.0957,-3.051,22026
-552.7905,-3.051,22035
-552.4854,-3.051,22044
-552.7905,-3.051,22053
-552.7905,-3.051,22062
-553.4009,-3.051,22071
-553.0957,-3.051,22080
-553.0957,-3.051,22089
-553.0957,-3.051,22098
-552.4854,-3.051,22107
-552.7905,-3.051,22116
-552.4854,-3.051,22125
-552.4854,-3.051,22134
-552.4854,-3.051,22143
-553.4009,-3.051,22152
-552.1802,-3.051,22161
-552.1802,-3.051,22170
-552.1802,-3.051,22179
-552.4854,-3.051,22188
-552.7905,-3.051,22197
-552.4854,-3.051,22206
-552.1802,-3.051,22215
-552.4854,-3.051,22224
-552.1802,-3.051,22233
-553.0957,-3.051,22242
-553.0957,-3.051,22251
-553.4009,-3.051,22260
-552.4854,-3.051,22269
-553.0957,-3.051,22278
-552.7905,-3.051,22287
-552.4854,-3.051,22296
-552.1802,-3.051,22305
-552.1802,-3.051,22314
-552.1802,-3.051,22323
-552.4854,-3.051,22332
-552.4854,-3.051,22341
-553.0957,-3.051,22350
-552.4854,-3.051,22359
-552.7905,-3.051,22368
-553.0957,-3.051,22377
-553.0957,-3.051,22386
-552.4854,-3.051,22395
-552.4854,-3.051,22404
-553.0957,-3.051,22413
-553.0957,-3.051,22422
-553.0957,-3.051,22431
-552.1802,-3.051,22440
-552.7905,-3.051,22449
-552.7905,-3.051,22458
-552.7905,-3.051,22467
-552.7905,-3.051,22476
-552.7905,-3.051,22485
-552.7905,-3.051,22494
-552.7905,-3.051,22503
-552.7905,-3.051,22512
-552.7905,-3.051,22521
-553.0957,-3.051,22530
-552.7905,-3.051,22539
-552.4854,-3.051,22548
-552.1802,-3.051,22557
-553.0957,-3.051,22566
-553.0957,-3.051,22575
-552.7905,-3.051,22584
-552.7905,-3.051,22593
-552.4854,-3.051,22602
-552.7905,-3.051,22611
-552.4854,-3.051,22620
-552.7905,-3.051,22629
-552.7905,-3.051,22638
-553.0957,-3.051,22647
-552.7905,-3.051,22656
-553.0957,-3.051,22665
-553.0957,-3.051,22674
-552.4854,-3.051,22683
-553.4009,-3.051,22692
-553.0957,-3.051,22701
-552.4854,-3.051,22710
-553.0957,-3.051,22719
-552.7905,-3.051,22728
-553.0957,-3.051,22737
-552.7905,-3.051,22746
-552.7905,-3.051,22755
-553.0957,-3.051,22764
-552.7905,-3.051,22773
-553.0957,-3.051,22782
-552.7905,-3.051,22791
-552.4854,-3.051,22800
-553.0957,-3.051,22809
-552.4854,-3.051,22818
-554.6216,-3.051,22827
-553.4009,-3.051,22836
-554.0112,-3.051,22845
-553.0957,-3.051,22854
-553.0957,-3.051,22863
-552.4854,-3.051,22872
-552.1802,-3.051,22881
-552.7905,-3.051,22890
-552.1802,-3.051,22899
-552.1802,-3.051,22908
-552.4854,-3.051,22917
-552.1802,-3.051,22926
-552.7905,-3.051,22935
-552.4854,-3.051,22944
-553.4009,-3.051,22953
-552.7905,-3.051,22962
-553.4009,-3.051,22971
-553.0957,-3.051,22980
-552.7905,-3.051,22989
-552.7905,-3.051,22998
-552.4854,-3.051,23007
-552.7905,-3.051,23016
-552.4854,-3.051,23025
-552.7905,-3.051,23034
-552.7905,-3.051,23043
-552.7905,-3.051,23052
-553.0957,-3.051,23061
-553.0957,-3.051,23070
-553.0957,-3.051,23079
-553.0957,-3.051,23088
-553.4009,-3.051,23097
-553.0957,-3.051,23106
-553.0957,-3.051,23115
-553.0957,-3.051,23124
-552.7905,-3.051,23133
-554.0112,-3.051,23142
-553.4009,-3.051,23151
-552.7905,-3.051,23160
-553.0957,-3.051,23169
-553.0957,-3.051,23178
-553.0957,-3.051,23187
-552.4854,-3.051,23196
-553.0957,-3.051,23205
-552.1802,-3.051,23214
-553.0957,-3.051,23223
-553.0957,-3.051,23232
-552.7905,-3.051,23241
-553.0957,-3.051,23250
-554.0112,-3.051,23259
-553.0957,-3.051,23268
-553.0957,-3.051,23277
-553.0957,-3.051,23286
-552.7905,-3.051,23295
-552.7905,-3.051,23304
-553.0957,-3.051,23313
-552.7905,-3.051,23322
-552.7905,-3.051,23331
-552.7905,-3.051,23340
-552.7905,-3.051,23349
-552.7905,-3.051,23358
-552.7905,-3.051,23367
-552.4854,-3.051,23376
-553.0957,-3.051,23385
-552.7905,-3.051,23394
-553.0957,-3.051,23403
-553.0957,-3.051,23412
-553.0957,-3.051,23421
-553.0957,-3.051,23430
-552.7905,-3.051,23439
-553.0957,-3.051,23448
-552.7905,-3.051,23457
-552.4854,-3.051,23466
-552.7905,-3.051,23475
-553.4009,-3.051,23484
-553.0957,-3.051,23493
-552.4854,-3.051,23502
-552.7905,-3.051,23511
-552.4854,-3.051,23520
-552.1802,-3.051,23529
-552.4854,-3.051,23538
-552.7905,-3.051,23547
-552.7905,-3.051,23556
-552.7905,-3.051,23565
-552.7905,-3.051,23574
-552.1802,-3.051,23583
-553.4009,-3.051,23592
-552.7905,-3.051,23601
-553.0957,-3.051,23610
-552.7905,-3.051,23619
-552.4854,-3.051,23628
-553.0957,-3.051,23637
-552.4854,-3.051,23646
-552.4854,-3.051,23655
-552.7905,-3.051,23664
-553.0957,-3.051,23673
-552.1802,-3.051,23682
-552.4854,-3.051,23691
-552.7905,-3.051,23700
-552.7905,-3.051,23709
-554.0112,-3.051,23718
-553.0957,-3.051,23727
-554.6216,-3.051,23736
-552.7905,-3.051,23745
-552.7905,-3.051,23754
-553.4009,-3.051,23763
-552.1802,-3.051,23772
-552.1802,-3.051,23781
-554.6216,-3.051,23790
-552.7905,-3.051,23799
-552.7905,-3.051,23808
-553.0957,-3.051,23817
-553.0957,-3.051,23826
-552.7905,-3.051,23835
-553.0957,-3.051,23844
-553.0957,-3.051,23853
-552.7905,-3.051,23862
-552.4854,-3.051,23871
-553.0957,-3.051,23880
-552.7905,-3.051,23889
-552.7905,-3.051,23898
-552.7905,-3.051,23907
-552.7905,-3.051,23916
-552.4854,-3.051,23925
-553.4009,-3.051,23934
-552.7905,-3.051,23943
-553.0957,-3.051,23952
-552.4854,-3.051,23961
-552.4854,-3.051,23970
-552.7905,-3.051,23979
-553.0957,-3.051,23988
-553.4009,-3.051,23997
-554.0112,-3.051,24006
-554.6216,-3.051,24015
-553.4009,-3.051,24024
-554.0112,-3.051,24033
-554.0112,-3.051,24042
-553.0957,-3.051,24051
-553.0957,-3.051,24060
-553.4009,-3.051,24069
-553.4009,-3.051,24078
-553.4009,-3.051,24087
-553.4009,-3.051,24096
-553.0957,-3.051,24105
-553.0957,-3.051,24114
-553.4009,-3.051,24123
-553.0957,-3.051,24132
-553.0957,-3.051,24141
-554.0112,-3.051,24150
-552.7905,-3.051,24159
-553.0957,-3.051,24168
-553.4009,-3.051,24177
-553.0957,-3.051,24186
-553.0957,-3.051,24195
-553.0957,-3.051,24204
-553.0957,-3.051,24213
-553.0957,-3.051,24222
-554.0112,-3.051,24231
-552.7905,-3.051,24240
-553.0957,-3.051,24249
-552.7905,-3.051,24258
-552.7905,-3.051,24267
-552.7905,-3.051,24276
-553.0957,-3.051,24285
-552.7905,-3.051,24294
-553.0957,-3.051,24303
-553.0957,-3.051,24312
-554.0112,-3.051,24321
-553.0957,-3.051,24330
-553.0957,-3.051,24339
-552.7905,-3.051,24348
-553.0957,-3.051,24357
-552.4854,-3.051,24366
-553.4009,-3.051,24375
-553.0957,-3.051,24384
-552.7905,-3.051,24393
-553.4009,-3.051,24402
-554.6216,-3.051,24411
-552.7905,-3.051,24420
-553.4009,-3.051,24429
-554.0112,-3.051,24438
-553.0957,-3.051,24447
-553.0957,-3.051,24456
-554.6216,-3.051,24465
-553.0957,-3.051,24474
-553.0957,-3.051,24483
-554.6216,-3.051,24492
-553.0957,-3.051,24501
-553.0957,-3.051,24510
-553.0957,-3.051,24519
-553.7061,-3.051,24528
-553.0957,-3.051,24537
-552.1802,-3.051,24546
-552.7905,-3.051,24555
-553.0957,-3.051,24564
-553.4009,-3.051,24573
-552.7905,-3.051,24582
-553.4009,-3.051,24591
-553.0957,-3.051,24600
-553.4009,-3.051,24609
-553.4009,-3.051,24618
-553.4009,-3.051,24627
-553.4009,-3.051,24636
-552.7905,-3.051,24645
-554.0112,-3.051,24654
-553.0957,-3.051,24663
-553.4009,-3.051,24672
-552.7905,-3.051,24681
-553.0957,-3.051,24690
-552.7905,-3.051,24699
-553.0957,-3.051,24708
-553.0957,-3.051,24717
-553.0957,-3.051,24726
-553.0957,-3.051,24735
-554.6216,-3.051,24744
-553.0957,-3.051,24753
-552.7905,-3.051,24762
-553.0957,-3.051,24771
-553.0957,-3.051,24780
-553.0957,-3.051,24789
-553.0957,-3.051,24798
-553.0957,-3.051,24807
-553.0957,-3.051,24816
-553.4009,-3.051,24825
-553.4009,-3.051,24834
-553.4009,-3.051,24843
-553.0957,-3.051,24852
-553.0957,-3.051,24861
-553.0957,-3.051,24870
-553.0957,-3.051,24879
-553.4009,-3.051,24888
-553.0957,-3.051,24897
-553.0957,-3.051,24906
-553.4009,-3.051,24915
-552.7905,-3.051,24924
-553.0957,-3.051,24933
-553.0957,-3.051,24942
-553.4009,-3.051,24951
-554.6216,-3.051,24960
-552.7905,-3.051,24969
-552.4854,-3.051,24978
-552.4854,-3.051,24987
-552.4854,-3.051,24996
-553.0957,-3.051,25005
-553.4009,-3.051,25014
-553.0957,-3.051,25023
-553.0957,-3.051,25032
-553.4009,-3.051,25041
-553.0957,-3.051,25050
-554.0112,-3.051,25059
-553.7061,-3.051,25068
-553.4009,-3.051,25077
-553.7061,-3.051,25086
-553.4009,-3.051,25095
-553.4009,-3.051,25104
-553.4009,-3.051,25113
-553.4009,-3.051,25122
-554.6216,-3.051,25131
-553.0957,-3.051,25140
-553.0957,-3.051,25149
-553.0957,-3.051,25158
-553.0957,-3.051,25167
-552.7905,-3.051,25176
-553.0957,-3.051,25185
-553.0957,-3.051,25194
-552.7905,-3.051,25203
-552.7905,-3.051,25212
-552.7905,-3.051,25221
-552.4854,-3.051,25230
-552.7905,-3.051,25239
-553.0957,-3.051,25248
-553.4009,-3.051,25257
-553.0957,-3.051,25266
-554.6216,-3.051,25275
-552.7905,-3.051,25284
-553.0957,-3.051,25293
-553.0957,-3.051,25302
-553.4009,-3.051,25311
-553.0957,-3.051,25320
-552.7905,-3.051,25329
-552.7905,-3.051,25338
-553.4009,-3.051,25347
-553.0957,-3.051,25356
-553.0957,-3.051,25365
-552.7905,-3.051,25374
-553.0957,-3.051,25383
-553.4009,-3.051,25392
-553.0957,-3.051,25401
-553.0957,-3.051,25410
-553.0957,-3.051,25419
-552.7905,-3.051,25428
-553.0957,-3.051,25437
-553.0957,-3.051,25446
-552.7905,-3.051,25455
-553.0957,-3.051,25464
-553.0957,-3.051,25473
-553.4009,-3.051,25482
-553.4009,-3.051,25491
-552.7905,-3.051,25500
-553.0957,-3.051,25509
-553.0957,-3.051,25518
-553.0957,-3.051,25527
-552.7905,-3.051,25536
-553.0957,-3.051,25545
-553.0957,-3.051,25554
-553.0957,-3.051,25563
-553.0957,-3.051,25572
-552.7905,-3.051,25581
-553.4009,-3.051,25590
-553.0957,-3.051,25599
-553.7061,-3.051,25608
-554.6216,-3.051,25617
-553.0957,-3.051,25626
-554.0112,-3.051,25635
-553.4009,-3.051,25644
-553.0957,-3.051,25653
-553.0957,-3.051,25662
-553.0957,-3.051,25671
-553.4009,-3.051,25680
-553.7061,-3.051,25689
-553.0957,-3.051,25698
-553.4009,-3.051,25707
-553.4009,-3.051,25716
-553.0957,-3.051,25725
-553.4009,-3.051,25734
-553.4009,-3.051,25743
-553.4009,-3.051,25752
-554.6216,-3.051,25761
-553.0957,-3.051,25770
-553.4009,-3.051,25779
-553.0957,-3.051,25788
-553.0957,-3.051,25797
-553.0957,-3.051,25806
-553.0957,-3.051,25815
-553.0957,-3.051,25824
-553.0957,-3.051,25833
-553.0957,-3.051,25842
-553.4009,-3.051,25851
-553.4009,-3.051,25860
-553.4009,-3.051,25869
-554.0112,-3.051,25878
-553.0957,-3.051,25887
-553.0957,-3.051,25896
-552.7905,-3.051,25905
-554.6216,-3.051,25914
-553.4009,-3.051,25923
-553.4009,-3.051,25932
-554.0112,-3.051,25941
-553.4009,-3.051,25950
-553.0957,-3.051,25959
-554.0112,-3.051,25968
-554.0112,-3.051,25977
-554.0112,-3.051,25986
-553.4009,-3.051,25995
-553.4009,-3.051,26004
-553.4009,-3.051,26013
-553.4009,-3.051,26022
-553.4009,-3.051,26031
-554.0112,-3.051,26040
-553.4009,-3.051,26049
-554.0112,-3.051,26058
-553.4009,-3.051,26067
-553.0957,-3.051,26076
-553.0957,-3.051,26085
-553.4009,-3.051,26094
-552.7905,-3.051,26103
-552.7905,-3.051,26112
-552.7905,-3.051,26121
-553.4009,-3.051,26130
-553.4009,-3.051,26139
-553.4009,-3.051,26148
-553.4009,-3.051,26157
-554.6216,-3.051,26166
-553.4009,-3.051,26175
-553.4009,-3.051,26184
-554.0112,-3.051,26193
-553.0957,-3.051,26202
-553.0957,-3.051,26211
-553.0957,-3.051,26220
-552.7905,-3.051,26229
-552.4854,-3.051,26238
-553.0957,-3.051,26247
-552.4854,-3.051,26256
-553.4009,-3.051,26265
-553.4009,-3.051,26274
-553.4009,-3.051,26283
-553.4009,-3.051,26292
-553.0957,-3.051,26301
-553.4009,-3.051,26310
-553.0957,-3.051,26319
-552.7905,-3.051,26328
-552.7905,-3.051,26337
-553.0957,-3.051,26346
-552.4854,-3.051,26355
-552.7905,-3.051,26364
-554.0112,-3.051,26373
-552.7905,-3.051,26382
-554.0112,-3.051,26391
-552.4854,-3.051,26400
-552.1802,-3.051,26409
-552.1802,-3.051,26418
-552.1802,-3.051,26427
-552.1802,-3.051,26436
-552.1802,-3.051,26445
-552.1802,-3.051,26454
-550.3491,-3.051,26463
-550.3491,-3.051,26472
-549.7388,-3.051,26481
-549.7388,-3.051,26490
-549.7388,-3.051,26499
-548.2129,-3.051,26508
-547.9077,-3.051,26517
-547.9077,-3.051,26526
-547.2974,-3.051,26535
-547.2974,-3.051,26544
-547.2974,-3.051,26553
-547.2974,-3.051,26562
-545.4663,-3.051,26571
-544.856,-3.051,26580
-544.856,-3.051,26589
-544.856,-3.051,26598
-543.0249,-3.051,26607
-542.4146,-3.051,26616
-543.0249,-3.051,26625
-542.4146,-3.051,26634
-542.4146,-3.051,26643
-542.4146,-3.051,26652
-539.9731,-3.051,26661
-542.4146,-3.051,26670
-538.7524,-3.051,26679
-538.7524,-3.051,26688
-538.1421,-3.051,26697
-537.5317,-3.051,26706
-537.5317,-3.051,26715
-537.5317,-3.051,26724
-535.0903,-3.051,26733
-533.5645,-3.051,26742
-532.9541,-3.051,26751
-532.6489,-3.051,26760
-531.123,-3.051,26769
-530.2075,-3.051,26778
-529.5972,-3.051,26787
-530.2075,-3.051,26796
-528.3765,-3.051,26805
-528.3765,-3.051,26814
-527.7661,-3.051,26823
-527.7661,-3.051,26832
-527.7661,-3.051,26841
-526.2402,-3.051,26850
-526.2402,-3.051,26859
-525.9351,-3.051,26868
-525.3247,-3.051,26877
-525.3247,-3.051,26886
-523.7988,-3.051,26895
-523.4937,-3.051,26904
-522.8833,-3.051,26913
-520.4419,-3.051,26922
-519.2212,-3.051,26931
-518.916,-3.051,26940
-518.0005,-3.051,26949
-518.0005,-3.051,26958
-515.5591,-3.051,26967
-515.5591,-3.051,26976
-515.5591,-3.051,26985
-515.5591,-3.051,26994
-514.3384,-3.051,27003
-514.3384,-3.051,27012
-514.0332,-3.051,27021
-513.4229,-3.051,27030
-513.728,-3.051,27039
-513.1177,-3.051,27048
-511.2866,-3.051,27057
-510.6763,-3.051,27066
-508.8452,-3.051,27075
-508.2349,-3.051,27084
-508.2349,-3.051,27093
-505.7935,-3.051,27102
-505.1831,-3.051,27111
-504.5728,-3.051,27120
-504.5728,-3.051,27129
-503.3521,-3.051,27138
-503.6572,-3.051,27147
-503.3521,-3.051,27156
-503.3521,-3.051,27165
-500.9106,-3.051,27174
-499.6899,-3.051,27183
-498.4692,-3.051,27192
-498.4692,-3.051,27201
-496.6382,-3.051,27210
-496.0278,-3.051,27219
-495.4175,-3.051,27228
-493.5864,-3.051,27237
-493.5864,-3.051,27246
-493.5864,-3.051,27255
-493.5864,-3.051,27264
-493.5864,-3.051,27273
-493.5864,-3.042,27282
-493.5864,-3.042,27291
-491.145,-3.042,27300
-490.5347,-3.042,27309
-490.5347,-3.042,27318
-488.7036,-3.042,27327
-488.7036,-3.042,27336
-486.2622,-3.042,27345
-486.2622,-3.042,27354
-484.4312,-3.042,27363
-484.4312,-3.042,27372
-483.8208,-3.042,27381
-483.8208,-3.042,27390
-483.8208,-3.042,27399
-481.3794,-3.042,27408
-481.3794,-3.042,27417
-481.3794,-3.042,27426
-480.769,-3.042,27435
-479.8535,-3.042,27444
-478.938,-3.042,27453
-478.938,-3.042,27462
-477.1069,-3.042,27471
-475.8862,-3.042,27480
-474.9707,-3.042,27489
-474.0552,-3.042,27498
-474.0552,-3.042,27507
-472.2241,-3.042,27516
-471.6138,-3.042,27525
-470.0879,-3.042,27534
-469.1724,-3.042,27543
-469.1724,-3.042,27552
-467.6465,-3.042,27561
-467.0361,-3.042,27570
-466.731,-3.042,27579
-464.8999,-3.042,27588
-464.2896,-3.042,27597
-464.2896,-3.042,27606
-461.8481,-3.042,27615
-461.8481,-3.042,27624
-461.8481,-3.042,27633
-461.8481,-3.042,27642
-460.6274,-3.042,27651
-460.0171,-3.042,27660
-459.4067,-3.042,27669
-459.4067,-3.042,27678
-459.4067,-3.042,27687
-456.9653,-3.042,27696
-456.9653,-3.042,27705
-456.9653,-3.042,27714
-455.4395,-3.042,27723
-454.5239,-3.042,27732
-454.5239,-3.042,27741
-452.6929,-3.042,27750
-450.8618,-3.042,27759
-449.9463,-3.042,27768
-449.6411,-3.042,27777
-449.6411,-3.042,27786
-448.1152,-3.042,27795
-447.8101,-3.042,27804
-447.1997,-3.042,27813
-445.979,-3.042,27822
-444.7583,-3.033,27831
-444.7583,-3.033,27840
-442.3169,-3.033,27849
-441.7065,-3.033,27858
-440.4858,-3.033,27867
-439.8755,-3.033,27876
-439.8755,-3.033,27885
-439.8755,-3.033,27894
-438.0444,-3.033,27903
-437.4341,-3.033,27912
-437.4341,-3.033,27921
-435.603,-3.033,27930
-434.9927,-3.033,27939
-434.9927,-3.033,27948
-434.9927,-3.033,27957
-434.9927,-3.033,27966
-433.1616,-3.033,27975
-432.5513,-3.033,27984
-431.3306,-3.033,27993
-430.7202,-3.033,28002
-430.1099,-3.033,28011
-427.6685,-3.033,28020
-427.6685,-3.033,28029
-425.5322,-3.033,28038
-426.1426,-3.033,28047
-423.396,-3.033,28056
-425.2271,-3.033,28065
-422.1753,-3.033,28074
-422.1753,-3.033,28083
-420.3442,-3.033,28092
-420.3442,-3.033,28101
-420.3442,-3.033,28110
-420.3442,-3.033,28119
-420.3442,-3.033,28128
-420.3442,-3.033,28137
-418.5132,-3.033,28146
-417.9028,-3.033,28155
-416.377,-3.033,28164
-415.4614,-3.033,28173
-413.9355,-3.033,28182
-411.7993,-3.033,28191
-410.8838,-3.033,28200
-410.5786,-3.033,28209
-410.5786,-3.033,28218
-409.0527,-3.033,28227
-408.1372,-3.033,28236
-408.1372,-3.033,28245
-406.9165,-3.024,28254
-406.001,-3.024,28263
-405.6958,-3.024,28272
-405.6958,-3.024,28281
-403.8647,-3.024,28290
-403.2544,-3.024,28299
-402.644,-3.024,28308
-402.0337,-3.024,28317
-400.813,-3.024,28326
-401.1182,-3.024,28335
-400.813,-3.024,28344
-400.813,-3.024,28353
-398.9819,-3.024,28362
-398.3716,-3.024,28371
-396.8457,-3.024,28380
-395.9302,-3.024,28389
-395.9302,-3.024,28398
-393.4888,-3.024,28407
-392.2681,-3.024,28416
-391.0474,-3.024,28425
-391.0474,-3.024,28434
-391.0474,-3.024,28443
-389.2163,-3.024,28452
-388.9111,-3.024,28461
-388.606,-3.024,28470
-387.3853,-3.024,28479
-386.7749,-3.024,28488
-386.1646,-3.024,28497
-386.1646,-3.024,28506
-383.7231,-3.024,28515
-383.1128,-3.024,28524
-381.2817,-3.024,28533
-381.2817,-3.024,28542
-381.2817,-3.024,28551
-381.2817,-3.024,28560
-381.2817,-3.024,28569
-381.2817,-3.024,28578
-379.1455,-3.024,28587
-378.23,-3.024,28596
-377.0093,-3.024,28605
-376.3989,-3.024,28614
-376.3989,-3.024,28623
-374.5679,-3.024,28632
-373.9575,-3.024,28641
-371.8213,-3.024,28650
-371.5161,-3.024,28659
-369.6851,-3.024,28668
-369.0747,-3.024,28677
-367.5488,-3.024,28686
-366.6333,-3.015,28695
-366.6333,-3.015,28704
-366.6333,-3.015,28713
-366.6333,-3.015,28722
-366.6333,-3.015,28731
-365.1074,-3.015,28740
-364.8022,-3.015,28749
-364.1919,-3.015,28758
-362.666,-3.015,28767
-361.7505,-3.015,28776
-361.7505,-3.015,28785
-359.3091,-3.015,28794
-358.0884,-3.015,28803
-357.1729,-3.015,28812
-356.8677,-3.015,28821
-356.8677,-3.015,28830
-355.0366,-3.015,28839
-354.4263,-3.015,28848
-354.4263,-3.015,28857
-352.5952,-3.015,28866
-351.9849,-3.015,28875
-351.9849,-3.015,28884
-351.9849,-3.015,28893
-351.9849,-3.015,28902
-350.1538,-3.015,28911
-351.9849,-3.015,28920
-349.5435,-3.015,28929
-347.7124,-3.015,28938
-347.1021,-3.015,28947
-347.1021,-3.015,28956
-345.271,-3.015,28965
-344.0503,-3.015,28974
-344.0503,-3.015,28983
-342.2192,-3.015,28992
-342.2192,-3.015,29001
-340.6934,-3.015,29010
-339.7778,-3.015,29019
-339.7778,-3.015,29028
-337.3364,-3.015,29037
-337.3364,-3.015,29046
-335.5054,-3.015,29055
-334.895,-3.015,29064
-333.6743,-3.006,29073
-332.7588,-3.006,29082
-332.4536,-3.006,29091
-332.4536,-3.006,29100
-332.4536,-3.006,29109
-330.9277,-3.006,29118
-330.6226,-3.006,29127
-330.0122,-3.006,29136
-330.0122,-3.006,29145
-328.4863,-3.006,29154
-327.5708,-3.006,29163
-327.5708,-3.006,29172
-327.5708,-3.006,29181
-325.7397,-3.006,29190
-325.1294,-3.006,29199
-323.9087,-3.006,29208
-323.6035,-3.006,29217
-322.688,-3.006,29226
-322.688,-3.006,29235
-320.2466,-3.006,29244
-319.6362,-3.006,29253
-318.1104,-3.006,29262
-317.8052,-3.006,29271
-317.8052,-3.006,29280
-315.9741,-3.006,29289
-315.3638,-3.006,29298
-314.1431,-3.006,29307
-313.5327,-3.006,29316
-312.9224,-3.006,29325
-312.9224,-3.006,29334
-312.9224,-3.006,29343
-310.481,-3.006,29352
-310.481,-2.997,29361
-308.6499,-2.997,29370
-308.0396,-2.997,29379
-308.0396,-2.997,29388
-306.2085,-2.997,29397
-304.9878,-2.997,29406
-304.9878,-2.997,29415
-304.3774,-2.997,29424
-303.7671,-2.997,29433
-303.4619,-2.997,29442
-303.1567,-2.997,29451
-301.3257,-2.997,29460
-300.7153,-2.997,29469
-300.7153,-2.997,29478
-299.4946,-2.997,29487
-298.2739,-2.997,29496
-298.2739,-2.997,29505
-298.2739,-2.997,29514
-296.4429,-2.997,29523
-295.8325,-2.997,29532
-295.2222,-2.997,29541
-294.0015,-2.997,29550
-294.0015,-2.997,29559
-293.3911,-2.997,29568
-293.3911,-2.988,29577
-290.9497,-2.988,29586
-290.9497,-2.988,29595
-289.4238,-2.988,29604
-288.5083,-2.988,29613
-288.5083,-2.988,29622
-288.5083,-2.988,29631
-286.6772,-2.988,29640
-286.0669,-2.988,29649
-284.8462,-2.988,29658
-284.541,-2.988,29667
-283.6255,-2.988,29676
-283.6255,-2.988,29685
-281.1841,-2.988,29694
-281.7944,-2.988,29703
-281.1841,-2.988,29712
-281.1841,-2.988,29721
-279.353,-2.988,29730
-278.7427,-2.988,29739
-278.7427,-2.988,29748
-276.9116,-2.988,29757
-275.6909,-2.979,29766
-274.4702,-2.979,29775
-273.8599,-2.979,29784
-273.8599,-2.979,29793
-271.4185,-2.979,29802
-271.4185,-2.979,29811
-270.8081,-2.979,29820
-269.8926,-2.979,29829
-268.9771,-2.979,29838
-268.9771,-2.979,29847
-268.9771,-2.979,29856
-268.9771,-2.979,29865
-265.9253,-2.979,29874
-265.9253,-2.979,29883
-264.7046,-2.979,29892
-264.0942,-2.979,29901
-264.0942,-2.97,29910
-264.0942,-2.97,29919
-261.6528,-2.97,29928
-261.0425,-2.97,29937
-260.127,-2.97,29946
-259.2114,-2.97,29955
-259.2114,-2.97,29964
-257.3804,-2.97,29973
-259.2114,-2.97,29982
-256.77,-2.97,29991
-255.5493,-2.97,30000
-254.939,-2.97,30009
-254.3286,-2.97,30018
-254.3286,-2.97,30027
-254.3286,-2.961,30036
-251.8872,-2.961,30045
-251.8872,-2.961,30054
-251.2769,-2.961,30063
-250.0562,-2.961,30072
-249.4458,-2.961,30081
-249.4458,-2.961,30090
-249.4458,-2.961,30099
-247.0044,-2.961,30108
-247.3096,-2.961,30117
-245.4785,-2.961,30126
-244.563,-2.952,30135
-244.563,-2.952,30144
-242.7319,-2.952,30153
-242.1216,-2.952,30162
-241.5112,-2.952,30171
-240.9009,-2.952,30180
-239.6802,-2.952,30189
-239.6802,-2.952,30198
-239.6802,-2.952,30207
-237.2388,-2.952,30216
-236.0181,-2.952,30225
-235.1025,-2.952,30234
-235.4077,-2.943,30243
-234.7974,-2.943,30252
-233.2715,-2.943,30261
-234.7974,-2.943,30270
-232.356,-2.943,30279
-232.356,-2.943,30288
-231.7456,-2.943,30297
-229.9146,-2.943,30306
-229.9146,-2.943,30315
-229.9146,-2.943,30324
-227.4731,-2.943,30333
-227.4731,-2.943,30342
-225.9473,-2.934,30351
-225.0317,-2.934,30360
-225.0317,-2.934,30369
-225.0317,-2.934,30378
-223.2007,-2.934,30387
-222.5903,-2.934,30396
-221.0645,-2.934,30405
-220.4541,-2.934,30414
-220.1489,-2.934,30423
-220.1489,-2.925,30432
-218.0127,-2.925,30441
-217.7075,-2.925,30450
-216.4868,-2.925,30459
-215.2661,-2.925,30468
-215.2661,-2.925,30477
-215.2661,-2.925,30486
-213.4351,-2.925,30495
-212.8247,-2.916,30504
-211.604,-2.916,30513
-210.9937,-2.916,30522
-210.3833,-2.916,30531
-210.3833,-2.916,30540
-210.3833,-2.916,30549
-207.9419,-2.916,30558
-207.3315,-2.916,30567
-206.1108,-2.916,30576
-205.5005,-2.916,30585
-205.5005,-2.916,30594
-203.6694,-2.907,30603
-203.0591,-2.907,30612
-203.0591,-2.907,30621
-201.8384,-2.907,30630
-200.6177,-2.907,30639
-200.6177,-2.907,30648
-199.0918,-2.907,30657
-198.7866,-2.907,30666
-197.5659,-2.907,30675
-198.1763,-2.898,30684
-195.7349,-2.898,30693
-195.7349,-2.898,30702
-195.7349,-2.898,30711
-193.2935,-2.898,30720
-192.6831,-2.898,30729
-191.7676,-2.898,30738
-190.8521,-2.889,30747
-190.8521,-2.889,30756
-190.8521,-2.889,30765
-189.021,-2.889,30774
-187.8003,-2.889,30783
-186.8848,-2.889,30792
-185.9692,-2.889,30801
-185.9692,-2.889,30810
-184.1382,-2.88,30819
-183.5278,-2.88,30828
-182.3071,-2.88,30837
-182.002,-2.88,30846
-181.0864,-2.88,30855
-181.0864,-2.88,30864
-181.0864,-2.88,30873
-179.5605,-2.88,30882
-178.645,-2.88,30891
-176.814,-2.871,30900
-176.2036,-2.871,30909
-176.2036,-2.871,30918
-176.2036,-2.871,30927
-174.3726,-2.871,30936
-173.7622,-2.871,30945
-172.5415,-2.871,30954
-171.9312,-2.871,30963
-171.3208,-2.871,30972
-171.3208,-2.862,30981
-171.3208,-2.862,30990
-168.269,-2.862,30999
-167.3535,-2.862,31008
-166.438,-2.862,31017
-166.438,-2.862,31026
-164.6069,-2.862,31035
-163.9966,-2.862,31044
-163.9966,-2.853,31053
-162.4707,-2.853,31062
-161.5552,-2.853,31071
-161.5552,-2.853,31080
-161.5552,-2.853,31089
-159.1138,-2.853,31098
-158.5034,-2.844,31107
-157.2827,-2.844,31116
-156.6724,-2.844,31125
-156.6724,-2.844,31134
-154.231,-2.844,31143
-154.231,-2.844,31152
-153.0103,-2.844,31161
-151.7896,-2.844,31170
-151.7896,-2.844,31179
-151.7896,-2.835,31188
-151.7896,-2.835,31197
-151.7896,-2.835,31206
-148.1274,-2.835,31215
-147.5171,-2.835,31224
-146.9067,-2.835,31233
-146.9067,-2.835,31242
-145.0757,-2.835,31251
-144.4653,-2.835,31260
-143.855,-2.826,31269
-142.9395,-2.826,31278
-142.6343,-2.826,31287
-142.6343,-2.826,31296
-142.0239,-2.826,31305
-140.1929,-2.826,31314
-138.9722,-2.826,31323
-138.9722,-2.817,31332
-137.7515,-2.817,31341
-138.3618,-2.817,31350
-137.1411,-2.817,31359
-137.1411,-2.817,31368
-134.6997,-2.817,31377
-133.479,-2.817,31386
-132.8687,-2.808,31395
-132.2583,-2.808,31404
-132.2583,-2.808,31413
-132.2583,-2.808,31422
-129.8169,-2.808,31431
-129.8169,-2.808,31440
-128.5962,-2.808,31449
-127.6807,-2.808,31458
-129.2065,-2.808,31467
-127.3755,-2.799,31476
-125.8496,-2.799,31485
-124.9341,-2.799,31494
-123.7134,-2.799,31503
-122.7979,-2.799,31512
-122.4927,-2.799,31521
-120.6616,-2.799,31530
-119.4409,-2.799,31539
-117.6099,-2.799,31548
-115.1685,-2.79,31557
-112.7271,-2.79,31566
-110.2856,-2.79,31575
-107.8442,-2.79,31584
-107.8442,-2.79,31593
-107.8442,-2.79,31602
-105.4028,-2.79,31611
-104.1821,-2.79,31620
-103.5718,-2.79,31629
-102.9614,-2.79,31638
-102.9614,-2.79,31647
-101.1304,-2.79,31656
-102.9614,-2.79,31665
-100.52,-2.79,31674
-100.52,-2.79,31683
-98.99414,-2.79,31692
-98.07861,-2.79,31701
-98.07861,-2.79,31710
-98.07861,-2.79,31719
-96.24756,-2.79,31728
-95.63721,-2.79,31737
-94.11133,-2.79,31746
-93.50098,-2.79,31755
-93.1958,-2.79,31764
-91.36475,-2.79,31773
-90.14404,-2.79,31782
-89.22852,-2.79,31791
-88.31299,-2.79,31800
-88.31299,-2.79,31809
-86.48193,-2.79,31818
-86.48193,-2.79,31827
-85.87158,-2.79,31836
-84.65088,-2.79,31845
-83.43018,-2.79,31854
-83.43018,-2.781,31863
-81.59912,-2.781,31872
-80.98877,-2.781,31881
-79.46289,-2.781,31890
-78.54736,-2.781,31899
-78.54736,-2.781,31908
-78.54736,-2.781,31917
-77.02148,-2.781,31926
-74.88525,-2.781,31935
-74.2749,-2.781,31944
-74.2749,-2.781,31953
-73.66455,-2.781,31962
-73.66455,-2.781,31971
-71.8335,-2.781,31980
-71.22314,-2.781,31989
-71.22314,-2.781,31998
-70.61279,-2.781,32007
-68.78174,-2.781,32016
-68.78174,-2.781,32025
-68.78174,-2.781,32034
-66.34033,-2.781,32043
-65.72998,-2.781,32052
-64.2041,-2.781,32061
-63.89893,-2.781,32070
-62.37305,-2.781,32079
-63.89893,-2.781,32088
-61.45752,-2.781,32097
-60.23682,-2.781,32106
-59.01611,-2.781,32115
-59.01611,-2.781,32124
-59.01611,-2.781,32133
-59.01611,-2.781,32142
-57.18506,-2.781,32151
-56.57471,-2.781,32160
-55.04883,-2.781,32169
-54.1333,-2.772,32178
-54.1333,-2.772,32187
-54.1333,-2.772,32196
-54.1333,-2.772,32205
-51.69189,-2.772,32214
-51.69189,-2.772,32223
-51.08154,-2.772,32232
-50.16602,-2.772,32241
-49.86084,-2.772,32250
-49.25049,-2.772,32259
-49.25049,-2.772,32268
-49.25049,-2.772,32277
-46.80908,-2.772,32286
-46.80908,-2.772,32295
-45.2832,-2.772,32304
-44.67285,-2.772,32313
-44.36768,-2.772,32322
-44.36768,-2.772,32331
-44.36768,-2.772,32340
-42.23145,-2.772,32349
-41.31592,-2.772,32358
-40.40039,-2.772,32367
-39.48486,-2.772,32376
-39.48486,-2.772,32385
-37.65381,-2.772,32394
-37.04346,-2.772,32403
-37.04346,-2.772,32412
-34.60205,-2.772,32421
-34.60205,-2.772,32430
-32.771,-2.772,32439
-32.771,-2.772,32448
-32.16064,-2.772,32457
-32.771,-2.772,32466
-30.93994,-2.772,32475
-31.55029,-2.772,32484
-30.32959,-2.772,32493
-29.71924,-2.772,32502
-29.71924,-2.772,32511
-27.88818,-2.772,32520
-27.27783,-2.772,32529
-27.27783,-2.772,32538
-26.05713,-2.772,32547
-25.75195,-2.763,32556
-26.66748,-2.763,32565
-25.44678,-2.763,32574
-25.1416,-2.763,32583
-24.83643,-2.763,32592
-24.83643,-2.763,32601
-23.00537,-2.763,32610
-22.39502,-2.763,32619
-21.17432,-2.763,32628
-21.17432,-2.763,32637
-19.95361,-2.763,32646
-19.95361,-2.763,32655
-19.95361,-2.763,32664
-19.95361,-2.763,32673
-19.95361,-2.763,32682
-18.42773,-2.763,32691
-17.51221,-2.763,32700
-17.51221,-2.763,32709
-17.51221,-2.763,32718
-15.98633,-2.763,32727
-15.0708,-2.763,32736
-15.0708,-2.763,32745
-15.0708,-2.763,32754
-13.23975,-2.763,32763
-13.23975,-2.763,32772
-12.62939,-2.763,32781
-11.10352,-2.763,32790
-10.79834,-2.763,32799
-10.18799,-2.763,32808
-10.18799,-2.763,32817
-10.18799,-2.763,32826
-10.18799,-2.763,32835
-7.746582,-2.763,32844
-7.746582,-2.763,32853
-6.525879,-2.763,32862
-6.525879,-2.763,32871
-5.610352,-2.763,32880
-5.305176,-2.763,32889
-5.305176,-2.763,32898
-5.305176,-2.754,32907
-3.474121,-2.754,32916
